16
1111111000011001
MMSE:1111111000011001
0 -6.1467349885712235
0 1 4.548744320309913
0 2 0.0
0 3 0.0
0 4 0.6687478141327852
0 5 1.3374956282655703
0 6 0.4649445721332962
0 7 0.9298891442665924
0 8 1.7191161159873294
0 9 3.4382322319746588
0 10 -0.5261863945721817
0 11 -1.0523727891443635
0 12 0.18389182938098297
0 13 0.36778365876196595
0 14 -0.5355276601395323
0 15 -1.0710553202790647
1 -10.01909781698749
1 2 0.0
1 3 0.0
1 4 1.3374956282655703
1 5 2.6749912565311407
1 6 0.9298891442665924
1 7 1.8597782885331848
1 8 3.4382322319746588
1 9 6.8764644639493175
1 10 -1.0523727891443635
1 11 -2.104745578288727
1 12 0.36778365876196595
1 13 0.7355673175239319
1 14 -1.0710553202790647
1 15 -2.1421106405581294
2 -6.530957631090983
2 3 4.548744320309913
2 4 -0.46494457213329615
2 5 -0.9298891442665923
2 6 0.6687478141327852
2 7 1.3374956282655703
2 8 0.526186394572182
2 9 1.052372789144364
2 10 1.7191161159873294
2 11 3.4382322319746588
2 12 0.5355276601395325
2 13 1.071055320279065
2 14 0.18389182938098297
2 15 0.36778365876196595
3 -10.787543102027009
3 4 -0.9298891442665923
3 5 -1.8597782885331846
3 6 1.3374956282655703
3 7 2.6749912565311407
3 8 1.052372789144364
3 9 2.104745578288728
3 10 3.4382322319746588
3 11 6.8764644639493175
3 12 1.071055320279065
3 13 2.14211064055813
3 14 0.36778365876196595
3 15 0.7355673175239319
4 1.2024366180507604
4 5 2.1086670390231905
4 6 0.0
4 7 0.0
4 8 0.4187286351026014
4 9 0.8374572702052028
4 10 -1.4631105386814804
4 11 -2.926221077362961
4 12 -0.7562285685500705
4 13 -1.512457137100141
4 14 -0.007996218633768148
4 15 -0.015992437267536297
5 3.4592067556131156
5 6 0.0
5 7 0.0
5 8 0.8374572702052028
5 9 1.6749145404104056
5 10 -2.926221077362961
5 11 -5.852442154725922
5 12 -1.512457137100141
5 13 -3.024914274200282
5 14 -0.015992437267536297
5 15 -0.031984874535072594
6 -4.828784984232306
6 7 2.1086670390231905
6 8 1.4631105386814807
6 9 2.9262210773629613
6 10 0.4187286351026013
6 11 0.8374572702052026
6 12 0.007996218633768072
6 13 0.015992437267536144
6 14 -0.7562285685500705
6 15 -1.512457137100141
7 -8.603236448953016
7 8 2.9262210773629613
7 9 5.852442154725923
7 10 0.8374572702052026
7 11 1.674914540410405
7 12 0.015992437267536144
7 13 0.03198487453507229
7 14 -1.512457137100141
7 15 -3.024914274200282
8 -11.438968519014592
8 9 11.37282648997683
8 10 0.0
8 11 0.0
8 12 1.8695612228250742
8 13 3.7391224456501484
8 14 -0.8349885673885622
8 15 -1.6699771347771244
9 -17.19152379304077
9 10 0.0
9 11 0.0
9 12 3.7391224456501484
9 13 7.478244891300297
9 14 -1.6699771347771244
9 15 -3.339954269554249
10 -11.694299806972694
10 11 11.37282648997683
10 12 0.8349885673885624
10 13 1.6699771347771248
10 14 1.8695612228250742
10 15 3.7391224456501484
11 -17.702186368956973
11 12 1.6699771347771248
11 13 3.3399542695542497
11 14 3.7391224456501484
11 15 7.478244891300297
12 -4.116201577440815
12 13 4.364060607990946
12 14 0.0
12 15 0.0
13 -6.050372850886157
13 14 0.0
13 15 0.0
14 -2.017562092067325
14 15 4.364060607990946
15 -1.853093880139177
