16
1001001000011101
MMSE:1001001000011101
0 1.8094078733139745
0 1 5.156833613880388
0 2 0.0
0 3 0.0
0 4 -0.1615051419871264
0 5 -0.3230102839742528
0 6 -0.03426124632157174
0 7 -0.06852249264314347
0 8 -0.2108781888980247
0 9 -0.4217563777960494
0 10 -1.3736218213473486
0 11 -2.747243642694697
0 12 1.3424683404937385
0 13 2.684936680987477
0 14 0.46006247348783724
0 15 0.9201249469756745
1 6.197232553568143
1 2 0.0
1 3 0.0
1 4 -0.3230102839742528
1 5 -0.6460205679485056
1 6 -0.06852249264314347
1 7 -0.13704498528628695
1 8 -0.4217563777960494
1 9 -0.8435127555920988
1 10 -2.747243642694697
1 11 -5.494487285389394
1 12 2.684936680987477
1 13 5.369873361974954
1 14 0.9201249469756745
1 15 1.840249893951349
2 0.11295587306199506
2 3 5.156833613880388
2 4 0.03426124632157168
2 5 0.06852249264314336
2 6 -0.1615051419871265
2 7 -0.323010283974253
2 8 1.3736218213473486
2 9 2.747243642694697
2 10 -0.2108781888980248
2 11 -0.4217563777960496
2 12 -0.460062473487837
2 13 -0.920124946975674
2 14 1.3424683404937385
2 15 2.684936680987477
3 2.804328553064184
3 4 0.06852249264314336
3 5 0.13704498528628672
3 6 -0.323010283974253
3 7 -0.646020567948506
3 8 2.747243642694697
3 9 5.494487285389394
3 10 -0.4217563777960496
3 11 -0.8435127555920992
3 12 -0.920124946975674
3 13 -1.840249893951348
3 14 2.684936680987477
3 15 5.369873361974954
4 -4.914721124117866
4 5 5.018997602282827
4 6 0.0
4 7 0.0
4 8 -0.8697175531919582
4 9 -1.7394351063839164
4 10 0.30563800956235154
4 11 0.6112760191247031
4 12 -0.3667798988898287
4 13 -0.7335597977796574
4 14 -0.9715311707687688
4 15 -1.9430623415375377
5 -7.319943447094317
5 6 0.0
5 7 0.0
5 8 -1.7394351063839164
5 9 -3.478870212767833
5 10 0.6112760191247031
5 11 1.2225520382494062
5 12 -0.7335597977796574
5 13 -1.4671195955593148
5 14 -1.9430623415375377
5 15 -3.8861246830750753
6 -3.943325202316623
6 7 5.018997602282828
6 8 -0.3056380095623517
6 9 -0.6112760191247034
6 10 -0.8697175531919582
6 11 -1.7394351063839164
6 12 0.9715311707687688
6 13 1.9430623415375377
6 14 -0.3667798988898287
6 15 -0.7335597977796574
7 -5.377151603491832
7 8 -0.6112760191247034
7 9 -1.2225520382494068
7 10 -1.7394351063839164
7 11 -3.478870212767833
7 12 1.9430623415375377
7 13 3.8861246830750753
7 14 -0.7335597977796574
7 15 -1.4671195955593148
8 0.9818173373862684
8 9 6.413065096016149
8 10 0.0
8 11 0.0
8 12 0.45161536270930813
8 13 0.9032307254186163
8 14 0.6948484121164985
8 15 1.389696824232997
9 5.170167222780612
9 10 0.0
9 11 0.0
9 12 0.9032307254186163
9 13 1.8064614508372325
9 14 1.389696824232997
9 15 2.779393648465994
10 -4.7316625412128035
10 11 6.413065096016149
10 12 -0.6948484121164984
10 13 -1.3896968242329968
10 14 0.451615362709308
10 15 0.903230725418616
11 -6.256792534417532
11 12 -1.3896968242329968
11 13 -2.7793936484659936
11 14 0.903230725418616
11 15 1.806461450837232
12 -2.5075530964645196
12 13 3.84614037193439
12 14 0.0
12 15 0.0
13 -3.092036006961844
13 14 0.0
13 15 0.0
14 0.5839584204962533
14 15 3.84614037193439
15 3.0909870269597013
