16
0110010101010101
MMSE:0110010101010101
0 -13.518290282951412
0 1 4.358826484851353
0 2 0.0
0 3 0.0
0 4 -0.4598396776184441
0 5 -0.9196793552368882
0 6 1.5227678920469436
0 7 3.0455357840938873
0 8 1.1804042530901309
0 9 2.3608085061802617
0 10 0.9608925151811124
0 11 1.9217850303622248
0 12 -1.1230176700133783
0 13 -2.2460353400267565
0 14 1.7424189770421323
0 15 3.4848379540842647
1 -24.85716732347715
1 2 0.0
1 3 0.0
1 4 -0.9196793552368882
1 5 -1.8393587104737763
1 6 3.0455357840938873
1 7 6.0910715681877745
1 8 2.3608085061802617
1 9 4.7216170123605234
1 10 1.9217850303622248
1 11 3.8435700607244496
1 12 -2.2460353400267565
1 13 -4.492070680053513
1 14 3.4848379540842647
1 15 6.969675908168529
2 1.8069994194277914
2 3 4.358826484851353
2 4 -1.5227678920469436
2 5 -3.0455357840938873
2 6 -0.459839677618444
2 7 -0.919679355236888
2 8 -0.9608925151811123
2 9 -1.9217850303622246
2 10 1.1804042530901309
2 11 2.3608085061802617
2 12 -1.7424189770421326
2 13 -3.484837954084265
2 14 -1.1230176700133783
2 15 -2.2460353400267565
3 5.79341208128126
3 4 -3.0455357840938873
3 5 -6.0910715681877745
3 6 -0.919679355236888
3 7 -1.839358710473776
3 8 -1.9217850303622246
3 9 -3.843570060724449
3 10 2.3608085061802617
3 11 4.7216170123605234
3 12 -3.484837954084265
3 13 -6.96967590816853
3 14 -2.2460353400267565
3 15 -4.492070680053513
4 6.892573364613994
4 5 9.14617286521248
4 6 0.0
4 7 0.0
4 8 -0.909496472638847
4 9 -1.818992945277694
4 10 -1.3857966107130217
4 11 -2.7715932214260435
4 12 1.685803209464883
4 13 3.371606418929766
4 14 -1.4341099751513338
4 15 -2.8682199503026675
5 18.358233161834228
5 6 0.0
5 7 0.0
5 8 -1.818992945277694
5 9 -3.637985890555388
5 10 -2.7715932214260435
5 11 -5.543186442852087
5 12 3.371606418929766
5 13 6.743212837859532
5 14 -2.8682199503026675
5 15 -5.736439900605335
6 -15.124172787828353
6 7 9.14617286521248
6 8 1.3857966107130215
6 9 2.771593221426043
6 10 -0.909496472638847
6 11 -1.818992945277694
6 12 1.434109975151334
6 13 2.868219950302668
6 14 1.685803209464883
6 15 3.371606418929766
7 -25.675259143050464
7 8 2.771593221426043
7 9 5.543186442852086
7 10 -1.818992945277694
7 11 -3.637985890555388
7 12 2.868219950302668
7 13 5.736439900605336
7 14 3.371606418929766
7 15 6.743212837859532
8 -14.744828489652095
8 9 12.045974927081907
8 10 0.0
8 11 0.0
8 12 1.0357833360792557
8 13 2.0715666721585113
8 14 3.619641243787912
8 15 7.239282487575824
9 -23.466669515763236
9 10 0.0
9 11 0.0
9 12 2.0715666721585113
9 13 4.143133344317023
9 14 7.239282487575824
9 15 14.478564975151649
10 -9.353627350673003
10 11 12.045974927081907
10 12 -3.619641243787912
10 13 -7.239282487575824
10 14 1.0357833360792554
10 15 2.071566672158511
11 -12.684267237805052
11 12 -7.239282487575824
11 13 -14.478564975151649
11 14 2.071566672158511
11 15 4.143133344317022
12 5.730219428301201
12 13 10.32929493419301
12 14 0.0
12 15 0.0
13 16.62508632369891
13 14 0.0
13 15 0.0
14 -18.338386059280474
14 15 10.32929493419301
15 -31.512124651464447
