16
0010111000011010
MMSE:0010111000011010
0 -14.760220925469621
0 1 6.770543804579699
0 2 0.0
0 3 0.0
0 4 0.5562405527692454
0 5 1.1124811055384909
0 6 2.1880838331597605
0 7 4.376167666319521
0 8 -0.05067632347114248
0 9 -0.10135264694228496
0 10 -0.8267534485645239
0 11 -1.6535068971290479
0 12 1.6122431554073242
0 13 3.2244863108146484
0 14 -0.020561126485383885
0 15 -0.04112225297076777
1 -26.135169948649395
1 2 0.0
1 3 0.0
1 4 1.1124811055384909
1 5 2.2249622110769818
1 6 4.376167666319521
1 7 8.752335332639042
1 8 -0.10135264694228496
1 9 -0.20270529388456993
1 10 -1.6535068971290479
1 11 -3.3070137942580957
1 12 3.2244863108146484
1 13 6.448972621629297
1 14 -0.04112225297076777
1 15 -0.08224450594153554
2 -3.279333683249929
2 3 6.770543804579699
2 4 -2.1880838331597605
2 5 -4.376167666319521
2 6 0.5562405527692453
2 7 1.1124811055384907
2 8 0.8267534485645238
2 9 1.6535068971290476
2 10 -0.05067632347114237
2 11 -0.10135264694228474
2 12 0.020561126485384107
2 13 0.041122252970768214
2 14 1.6122431554073242
2 15 3.2244863108146484
3 -3.1733954642100084
3 4 -4.376167666319521
3 5 -8.752335332639042
3 6 1.1124811055384907
3 7 2.2249622110769813
3 8 1.6535068971290476
3 9 3.3070137942580953
3 10 -0.10135264694228474
3 11 -0.20270529388456948
3 12 0.041122252970768214
3 13 0.08224450594153643
3 14 3.2244863108146484
3 15 6.448972621629297
4 -0.8816317478346993
4 5 6.845366543971281
4 6 0.0
4 7 0.0
4 8 -0.6523971932468596
4 9 -1.3047943864937193
4 10 -1.0900734480370708
4 11 -2.1801468960741417
4 12 0.5159934948792336
4 13 1.0319869897584673
4 14 -1.2953478176657474
4 15 -2.5906956353314947
5 1.6594197763162422
5 6 0.0
5 7 0.0
5 8 -1.3047943864937193
5 9 -2.6095887729874385
5 10 -2.1801468960741417
5 11 -4.360293792148283
5 12 1.0319869897584673
5 13 2.0639739795169345
5 14 -2.5906956353314947
5 15 -5.181391270662989
6 -13.134371845175705
6 7 6.845366543971281
6 8 1.0900734480370706
6 9 2.1801468960741412
6 10 -0.6523971932468596
6 11 -1.3047943864937193
6 12 1.2953478176657474
6 13 2.5906956353314947
6 14 0.5159934948792335
6 15 1.031986989758467
7 -22.84606041836577
7 8 2.1801468960741412
7 9 4.3602937921482825
7 10 -1.3047943864937193
7 11 -2.6095887729874385
7 12 2.5906956353314947
7 13 5.181391270662989
7 14 1.031986989758467
7 15 2.063973979516934
8 -1.4050345688216233
8 9 4.500302899167843
8 10 0.0
8 11 0.0
8 12 -0.40176837139437305
8 13 -0.8035367427887461
8 14 0.7358077776745772
8 15 1.4716155553491543
9 -0.5599176880593255
9 10 0.0
9 11 0.0
9 12 -0.8035367427887461
9 13 -1.6070734855774922
9 14 1.4716155553491543
9 15 2.9432311106983087
10 2.9785215377103444
10 11 4.500302899167843
10 12 -0.7358077776745773
10 13 -1.4716155553491546
10 14 -0.40176837139437305
10 15 -0.8035367427887461
11 8.20719452500461
11 12 -1.4716155553491546
11 13 -2.943231110698309
11 14 -0.8035367427887461
11 15 -1.6070734855774922
12 -8.043853395463218
12 13 2.308200432913786
12 14 0.0
12 15 0.0
13 -14.933606574469543
13 14 0.0
13 15 0.0
14 -0.4445192620898677
14 15 2.308200432913786
15 0.2650616922771576
