16
1110000001111111
MMSE:1110000001111111
0 -6.227311253916329
0 1 6.033817161271043
0 2 0.0
0 3 0.0
0 4 0.4678294607746796
0 5 0.9356589215493591
0 6 0.1328636452267326
0 7 0.2657272904534652
0 8 0.9477099845006645
0 9 1.895419969001329
0 10 -1.5150752162038643
0 11 -3.0301504324077286
0 12 -0.06810255546176736
0 13 -0.1362051109235347
0 14 -0.3536334500989986
0 15 -0.7072669001979972
1 -9.437713927197137
1 2 0.0
1 3 0.0
1 4 0.9356589215493591
1 5 1.8713178430987183
1 6 0.2657272904534652
1 7 0.5314545809069304
1 8 1.895419969001329
1 9 3.790839938002658
1 10 -3.0301504324077286
1 11 -6.060300864815457
1 12 -0.1362051109235347
1 13 -0.2724102218470694
1 14 -0.7072669001979972
1 15 -1.4145338003959944
2 -8.068159660468375
2 3 6.033817161271042
2 4 -0.1328636452267326
2 5 -0.2657272904534652
2 6 0.4678294607746795
2 7 0.935658921549359
2 8 1.5150752162038643
2 9 3.0301504324077286
2 10 0.9477099845006645
2 11 1.895419969001329
2 12 0.35363345009899855
2 13 0.7072669001979971
2 14 -0.06810255546176736
2 15 -0.1362051109235347
3 -13.119410740301227
3 4 -0.2657272904534652
3 5 -0.5314545809069304
3 6 0.935658921549359
3 7 1.871317843098718
3 8 3.0301504324077286
3 9 6.060300864815457
3 10 1.895419969001329
3 11 3.790839938002658
3 12 0.7072669001979971
3 13 1.4145338003959942
3 14 -0.1362051109235347
3 15 -0.2724102218470694
4 -1.2576305832875352
4 5 3.0575651040216387
4 6 0.0
4 7 0.0
4 8 0.04673709568150797
4 9 0.09347419136301593
4 10 0.151814883053289
4 11 0.303629766106578
4 12 0.18175470204408323
4 13 0.36350940408816645
4 14 -0.03916204181938515
4 15 -0.0783240836387703
5 -0.986478614564251
5 6 0.0
5 7 0.0
5 8 0.09347419136301593
5 9 0.18694838272603187
5 10 0.303629766106578
5 11 0.607259532213156
5 12 0.36350940408816645
5 13 0.7270188081763329
5 14 -0.0783240836387703
5 15 -0.1566481672775406
6 -4.521585592136044
6 7 3.0575651040216387
6 8 -0.151814883053289
6 9 -0.303629766106578
6 10 0.046737095681507856
6 11 0.09347419136301571
6 12 0.03916204181938515
6 13 0.0783240836387703
6 14 0.18175470204408328
6 15 0.36350940408816657
7 -7.5143886322612685
7 8 -0.303629766106578
7 9 -0.607259532213156
7 10 0.09347419136301571
7 11 0.18694838272603143
7 12 0.0783240836387703
7 13 0.1566481672775406
7 14 0.36350940408816657
7 15 0.7270188081763331
8 -9.30799759646662
8 9 4.988292876375045
8 10 0.0
8 11 0.0
8 12 1.312221526454092
8 13 2.624443052908184
8 14 -0.7357395472875834
8 15 -1.4714790945751668
9 -16.121848754745717
9 10 0.0
9 11 0.0
9 12 2.624443052908184
9 13 5.248886105816368
9 14 -1.4714790945751668
9 15 -2.9429581891503336
10 -2.868280119851057
10 11 4.988292876375045
10 12 0.7357395472875834
10 13 1.4714790945751668
10 14 1.312221526454092
10 15 2.624443052908184
11 -3.2424138015145907
11 12 1.4714790945751668
11 13 2.9429581891503336
11 14 2.624443052908184
11 15 5.248886105816368
12 -6.340701207396263
12 13 2.8396921966712765
12 14 0.0
12 15 0.0
13 -11.261556316456886
13 14 0.0
13 15 0.0
14 -1.1787022039296426
14 15 2.8396921966712765
15 -0.9375583095236468
