8
01100101
MMSE:01100101
0 -19.452538511449557
0 1 0.0
0 2 -2.2991983880922207
0 3 7.613839460234718
0 4 5.9020212654506565
0 5 4.804462575905562
0 6 -5.615088350066892
0 7 8.712094885210664
1 8.232428536795629
1 2 -7.613839460234718
1 3 -2.2991983880922215
1 4 -4.804462575905562
1 5 5.9020212654506565
1 6 -8.712094885210664
1 7 -5.615088350066893
2 30.469306465686337
2 3 0.0
2 4 -4.547482363194236
2 5 -6.9289830535651085
2 6 8.429016047324415
2 7 -7.17054987575667
3 -14.296979189065096
3 4 6.9289830535651085
3 5 -4.547482363194236
3 6 7.17054987575667
3 7 8.429016047324415
4 -39.19959481304507
4 5 0.0
4 6 5.17891668039628
4 7 18.098206218939563
5 -11.129905274246216
5 6 -18.098206218939563
5 7 5.178916680396279
6 12.426616166039956
6 7 0.0
7 -39.10063718033311
