8
10010010
MMSE:10010010
0 14.114025794625546
0 1 0.0
0 2 -0.8075257099356321
0 3 -0.1713062316078584
0 4 -1.054390944490124
0 5 -6.868109106736743
0 6 6.712341702468695
0 7 2.300312367439186
1 8.790741482712486
1 2 0.17130623160785796
1 3 -0.8075257099356319
1 4 6.8681091067367435
1 5 -1.0543909444901243
1 6 -2.3003123674391848
1 7 6.712341702468695
2 -8.737875624814881
2 3 0.0
2 4 -4.348587765959791
2 5 1.5281900478117587
2 6 -1.8338994944491434
2 7 -4.857655853843845
3 -2.063947667333215
3 4 -1.528190047811759
3 5 -4.348587765959792
3 6 4.857655853843845
3 7 -1.8338994944491434
4 13.839134274343316
4 5 0.0
4 6 2.2580768135465403
4 7 3.474242060582493
5 -5.440180380231919
5 6 -3.474242060582493
5 7 2.2580768135465394
6 5.035903956200273
6 7 0.0
7 9.644326782027608
