8
01100111
MMSE:01100111
0 -11.160497862400515
0 1 0.0
0 2 -4.689865282668148
0 3 5.471055645863859
0 4 7.73183233735362
0 5 6.846265262765196
0 6 -6.985007255215541
0 7 -4.541813622423755
1 -8.264267174898603
1 2 -5.471055645863859
1 3 -4.689865282668147
1 4 -6.846265262765196
1 5 7.7318323373536195
1 6 4.541813622423755
1 7 -6.98500725521554
2 17.349699884629295
2 3 0.0
2 4 2.601547881757293
2 5 -7.307041108701078
2 6 7.436197727365851
2 7 5.271924579835851
3 4.9534345436864236
3 4 7.30704110870108
3 5 2.601547881757293
3 6 -5.27192457983585
3 7 7.436197727365851
4 4.703311911673464
4 5 0.0
4 6 -18.541704981084806
4 7 2.4467916578235576
5 -23.010432945047974
5 6 -2.4467916578235602
5 7 -18.54170498108481
6 11.584809249138578
6 7 0.0
7 38.84524068370747
