8
10010011
MMSE:10010011
0 10.806515692599417
0 1 0.0
0 2 5.2549036698055005
0 3 -1.8325990760589996
0 4 11.55366359311748
0 5 -7.098711878412111
0 6 6.414690528860146
0 7 2.5254951471344174
1 -2.0416752861286884
1 2 1.8325990760590005
1 3 5.254903669805501
1 4 7.098711878412114
1 5 11.553663593117482
1 6 -2.525495147134416
1 7 6.414690528860145
2 0.7844333557460921
2 3 0.0
2 4 -1.6875072395536073
2 5 -6.641965370564732
2 6 -5.454380243526141
2 7 6.8380409682439485
3 1.0529370901641553
3 4 6.641965370564733
3 5 -1.6875072395536064
3 6 -6.838040968243949
3 7 -5.454380243526142
4 1.8600441941902917
4 5 0.0
4 6 1.4845907620009131
4 7 -6.773953385767227
5 -6.763029075440279
5 6 6.7739533857672285
5 7 1.4845907620009127
6 -2.2584847906921093
6 7 0.0
7 3.3739224204389227
