8
11111110
MMSE:11111110
0 -17.020649772541667
0 1 0.0
0 2 3.3437390706639256
0 3 2.324722860666481
0 4 8.595580579936644
0 5 -2.630931972860909
0 6 0.9194591469049149
0 7 -2.6776383006976623
1 6.371770782123912
1 2 -2.3247228606664807
1 3 3.3437390706639256
1 4 2.63093197286091
1 5 8.595580579936646
1 6 2.677638300697663
1 7 0.9194591469049147
2 -8.233316810254808
2 3 0.0
2 4 2.0936431755130065
2 5 -7.315552693407404
2 6 -3.7811428427503535
2 7 -0.03998109316884091
3 -6.761327789835688
3 4 7.315552693407405
3 5 2.0936431755130065
3 6 0.039981093168840465
3 7 -3.7811428427503535
4 -25.330112899512535
4 5 0.0
4 6 9.34780611412537
4 7 -4.1749428369428125
5 24.691139966619676
5 6 4.174942836942814
5 7 9.347806114125373
6 -1.1114233439638808
6 7 0.0
7 12.325009407519431
