8
11110000
MMSE:11110000
0 -15.29432304077664
0 1 0.0
0 2 7.8033302383219825
0 3 8.98452615024275
0 4 -3.7281869173809326
0 5 8.040599414447325
0 6 -0.2599548053230043
0 7 -8.304382208144611
1 21.361436133090656
1 2 -8.984526150242749
1 3 7.8033302383219825
1 4 -8.040599414447325
1 5 -3.7281869173809326
1 6 8.304382208144611
1 7 -0.25995480532300386
2 -20.894154152200347
2 3 0.0
2 4 -1.87157021178937
2 5 3.63159716294214
2 6 2.510084341078565
2 7 -8.338611279876062
3 7.695647404069682
3 4 -3.6315971629421395
3 5 -1.8715702117893698
3 6 8.338611279876062
3 7 2.510084341078564
4 4.011299923026936
4 5 0.0
4 6 -4.353231282384024
4 7 5.522728978557013
5 -11.367987708313178
5 6 -5.522728978557014
5 7 -4.353231282384023
6 8.88463616978584
6 7 0.0
7 16.461830206100107
