24
111000000111111111110110
MMSE:111000000111111111110110
0 -0.5022261094062808
0 1 1.4366231336359627
0 2 2.8732462672719254
0 3 0.0
0 4 0.0
0 5 0.0
0 6 0.11138796685111418
0 7 0.22277593370222837
0 8 0.44555186740445674
0 9 0.03163420124446013
0 10 0.06326840248892027
0 11 0.12653680497784053
0 12 0.22564523440492013
0 13 0.45129046880984025
0 14 0.9025809376196805
0 15 -0.3607321943342534
0 16 -0.7214643886685068
0 17 -1.4429287773370136
0 18 -0.01621489415756365
0 19 -0.0324297883151273
0 20 -0.0648595766302546
0 21 -0.08419844049976158
0 22 -0.16839688099952316
0 23 -0.3367937619990463
1 -0.2861406519945804
1 2 5.746492534543851
1 3 0.0
1 4 0.0
1 5 0.0
1 6 0.22277593370222837
1 7 0.44555186740445674
1 8 0.8911037348089135
1 9 0.06326840248892027
1 10 0.12653680497784053
1 11 0.25307360995568107
1 12 0.45129046880984025
1 13 0.9025809376196805
1 14 1.805161875239361
1 15 -0.7214643886685068
1 16 -1.4429287773370136
1 17 -2.8858575546740273
1 18 -0.0324297883151273
1 19 -0.0648595766302546
1 20 -0.1297191532605092
1 21 -0.16839688099952316
1 22 -0.3367937619990463
1 23 -0.6735875239980926
2 2.3009649632827642
2 3 0.0
2 4 0.0
2 5 0.0
2 6 0.44555186740445674
2 7 0.8911037348089135
2 8 1.782207469617827
2 9 0.12653680497784053
2 10 0.25307360995568107
2 11 0.5061472199113621
2 12 0.9025809376196805
2 13 1.805161875239361
2 14 3.610323750478722
2 15 -1.4429287773370136
2 16 -2.8858575546740273
2 17 -5.7717151093480545
2 18 -0.0648595766302546
2 19 -0.1297191532605092
2 20 -0.2594383065210184
2 21 -0.3367937619990463
2 22 -0.6735875239980926
2 23 -1.3471750479961853
3 -4.213169823851371
3 4 1.4366231336359627
3 5 2.8732462672719254
3 6 -0.03163420124446013
3 7 -0.06326840248892027
3 8 -0.12653680497784053
3 9 0.11138796685111418
3 10 0.22277593370222837
3 11 0.44555186740445674
3 12 0.3607321943342534
3 13 0.7214643886685068
3 14 1.4429287773370136
3 15 0.22564523440492013
3 16 0.45129046880984025
3 17 0.9025809376196805
3 18 0.08419844049976158
3 19 0.16839688099952316
3 20 0.3367937619990463
3 21 -0.01621489415756365
3 22 -0.0324297883151273
3 23 -0.0648595766302546
4 -7.70802808088476
4 5 5.746492534543851
4 6 -0.06326840248892027
4 7 -0.12653680497784053
4 8 -0.25307360995568107
4 9 0.22277593370222837
4 10 0.44555186740445674
4 11 0.8911037348089135
4 12 0.7214643886685068
4 13 1.4429287773370136
4 14 2.8858575546740273
4 15 0.45129046880984025
4 16 0.9025809376196805
4 17 1.805161875239361
4 18 0.16839688099952316
4 19 0.3367937619990463
4 20 0.6735875239980926
4 21 -0.0324297883151273
4 22 -0.0648595766302546
4 23 -0.1297191532605092
5 -12.542809894497594
5 6 -0.12653680497784053
5 7 -0.25307360995568107
5 8 -0.5061472199113621
5 9 0.44555186740445674
5 10 0.8911037348089135
5 11 1.782207469617827
5 12 1.4429287773370136
5 13 2.8858575546740273
5 14 5.7717151093480545
5 15 0.9025809376196805
5 16 1.805161875239361
5 17 3.610323750478722
5 18 0.3367937619990463
5 19 0.6735875239980926
5 20 1.3471750479961853
5 21 -0.0648595766302546
5 22 -0.1297191532605092
5 23 -0.2594383065210184
6 -1.849893544150286
6 7 0.7279916914337236
6 8 1.455983382867447
6 9 0.0
6 10 0.0
6 11 0.0
6 12 0.011127879924168527
6 13 0.022255759848337053
6 14 0.04451151969667411
6 15 0.0361464007269736
6 16 0.0722928014539472
6 17 0.1445856029078944
6 18 0.04327492905811507
6 19 0.08654985811623014
6 20 0.1730997162324603
6 21 -0.009324295671282234
6 22 -0.01864859134256447
6 23 -0.03729718268512894
7 -3.3357912425837104
7 8 2.911966765734894
7 9 0.0
7 10 0.0
7 11 0.0
7 12 0.022255759848337053
7 13 0.04451151969667411
7 14 0.08902303939334821
7 15 0.0722928014539472
7 16 0.1445856029078944
7 17 0.2891712058157888
7 18 0.08654985811623014
7 19 0.1730997162324603
7 20 0.3461994324649206
7 21 -0.01864859134256447
7 22 -0.03729718268512894
7 23 -0.07459436537025788
8 -5.215599102299974
8 9 0.0
8 10 0.0
8 11 0.0
8 12 0.04451151969667411
8 13 0.08902303939334821
8 14 0.17804607878669643
8 15 0.1445856029078944
8 16 0.2891712058157888
8 17 0.5783424116315776
8 18 0.1730997162324603
8 19 0.3461994324649206
8 20 0.6923988649298412
8 21 -0.03729718268512894
8 22 -0.07459436537025788
8 23 -0.14918873074051575
9 -2.582040800140192
9 10 0.7279916914337236
9 11 1.455983382867447
9 12 -0.036146400726973615
9 13 -0.07229280145394723
9 14 -0.14458560290789446
9 15 0.011127879924168554
9 16 0.02225575984833711
9 17 0.04451151969667422
9 18 0.009324295671282234
9 19 0.01864859134256447
9 20 0.03729718268512894
9 21 0.04327492905811506
9 22 0.08654985811623012
9 23 0.17309971623246023
10 -4.800085754563522
10 11 2.911966765734894
10 12 -0.07229280145394723
10 13 -0.14458560290789446
10 14 -0.2891712058157889
10 15 0.02225575984833711
10 16 0.04451151969667422
10 17 0.08902303939334844
10 18 0.01864859134256447
10 19 0.03729718268512894
10 20 0.07459436537025788
10 21 0.08654985811623012
10 22 0.17309971623246023
10 23 0.34619943246492046
11 -8.144188126259598
11 12 -0.14458560290789446
11 13 -0.2891712058157889
11 14 -0.5783424116315778
11 15 0.04451151969667422
11 16 0.08902303939334844
11 17 0.17804607878669687
11 18 0.03729718268512894
11 19 0.07459436537025788
11 20 0.14918873074051575
11 21 0.17309971623246023
11 22 0.34619943246492046
11 23 0.6923988649298409
12 -3.904666639459661
12 13 1.1876887800892963
12 14 2.3753775601785927
12 15 0.0
12 16 0.0
12 17 0.0
12 18 0.3124336967747838
12 19 0.6248673935495676
12 20 1.249734787099135
12 21 -0.17517608268751983
12 22 -0.35035216537503966
12 23 -0.7007043307500793
13 -7.215488888874673
13 14 4.750755120357185
13 15 0.0
13 16 0.0
13 17 0.0
13 18 0.6248673935495676
13 19 1.249734787099135
13 20 2.49946957419827
13 21 -0.35035216537503966
13 22 -0.7007043307500793
13 23 -1.4014086615001586
14 -12.055600217570753
14 15 0.0
14 16 0.0
14 17 0.0
14 18 1.249734787099135
14 19 2.49946957419827
14 20 4.99893914839654
14 21 -0.7007043307500793
14 22 -1.4014086615001586
14 23 -2.8028173230003173
15 -3.2245670273375406
15 16 1.1876887800892963
15 17 2.3753775601785927
15 18 0.17517608268751989
15 19 0.35035216537503977
15 20 0.7007043307500795
15 21 0.3124336967747838
15 22 0.6248673935495676
15 23 1.249734787099135
16 -5.855289664630432
16 17 4.750755120357185
16 18 0.35035216537503977
16 19 0.7007043307500795
16 20 1.401408661500159
16 21 0.6248673935495676
16 22 1.249734787099135
16 23 2.49946957419827
17 -9.335201769082271
17 18 0.7007043307500795
17 19 1.401408661500159
17 20 2.802817323000318
17 21 1.249734787099135
17 22 2.49946957419827
17 23 4.99893914839654
18 -3.535012406560162
18 19 0.6761171896836373
18 20 1.3522343793672746
18 21 0.0
18 22 0.0
18 23 0.0
19 -6.731966218278505
19 20 2.7044687587345493
19 21 0.0
19 22 0.0
19 23 0.0
20 -12.111698057189738
20 21 0.0
20 22 0.0
20 23 0.0
21 -0.8108902705550745
21 22 0.6761171896836373
21 23 1.3522343793672746
22 -1.2837219462683305
22 23 2.7044687587345493
23 -1.2152095131693867
