8
10000111
MMSE:10000111
0 1.5948864963896354
0 1 0.0
0 2 -16.451850872023847
0 3 0.5088086797677969
0 4 4.412010360873458
0 5 0.17030465674354722
0 6 -1.2539237846457276
0 7 -0.5117012140895589
1 18.14567960365573
1 2 -0.5088086797677982
1 3 -16.451850872023847
1 4 -0.1703046567435469
1 5 4.412010360873458
1 6 0.5117012140895587
1 7 -1.2539237846457276
2 37.45250066885436
2 3 0.0
2 4 3.187545000999776
2 5 -17.230166746998133
2 6 -1.162294437474166
2 7 -1.4477619482313941
3 -44.30223892558966
3 4 17.230166746998133
3 5 3.1875450009997754
3 6 1.4477619482313937
3 7 -1.1622944374741666
4 -27.34756567457482
4 5 0.0
4 6 -0.33211009705813743
4 7 -4.380212443494299
5 -18.29704802803798
5 6 4.380212443494299
5 7 -0.3321100970581372
6 -6.578016351751626
6 7 0.0
7 6.438608847418132
