8
11100000
MMSE:11100000
0 1.9595069320864384
0 1 0.0
0 2 2.3391473038733985
0 3 0.6643182261336631
0 4 4.738549922503323
0 5 -7.575376081019323
0 6 -0.3405127773088368
0 7 -1.7681672504949932
1 3.8706930246477427
1 2 -0.6643182261336631
1 3 2.339147303873398
1 4 7.575376081019323
1 5 4.7385499225033225
1 6 1.7681672504949932
1 7 -0.3405127773088368
2 0.8662928660572873
2 3 0.0
2 4 0.23368547840753973
2 5 0.7590744152664457
2 6 0.9087735102204162
2 7 -0.19581020909692715
3 2.400557912260089
3 4 -0.7590744152664457
3 5 0.23368547840753928
3 6 0.19581020909692715
3 7 0.9087735102204164
4 5.575068551604383
4 5 0.0
4 6 6.561107632270461
4 7 -3.678697736437917
5 -4.866622930984611
5 6 3.678697736437918
5 7 6.56110763227046
6 0.4813766519553808
6 7 0.0
7 -8.163934566979052
