16
1100011000001011
MMSE:1100011000001001
0 16.449901383331355
0 1 13.451275578456857
0 2 0.0
0 3 0.0
0 4 0.8907012237297414
0 5 1.7814024474594827
0 6 -2.3459861775865356
0 7 -4.691972355173071
0 8 0.8694834665593819
0 9 1.7389669331187638
0 10 -3.701408754512417
0 11 -7.402817509024834
0 12 -0.018072531588248175
0 13 -0.03614506317649635
0 14 -0.3955931531578773
0 15 -0.7911863063157546
1 39.62544055589114
1 2 0.0
1 3 0.0
1 4 1.7814024474594827
1 5 3.5628048949189655
1 6 -4.691972355173071
1 7 -9.383944710346142
1 8 1.7389669331187638
1 9 3.4779338662375276
1 10 -7.402817509024834
1 11 -14.805635018049667
1 12 -0.03614506317649635
1 13 -0.0722901263529927
1 14 -0.7911863063157546
1 15 -1.5823726126315092
2 -15.077365031984339
2 3 13.451275578456857
2 4 2.345986177586536
2 5 4.691972355173072
2 6 0.8907012237297414
2 7 1.7814024474594827
2 8 3.701408754512417
2 9 7.402817509024834
2 10 0.869483466559382
2 11 1.738966933118764
2 12 0.3955931531578776
2 13 0.7911863063157552
2 14 -0.01807253158824823
2 15 -0.03614506317649646
3 -23.42909227474025
3 4 4.691972355173072
3 5 9.383944710346144
3 6 1.7814024474594827
3 7 3.5628048949189655
3 8 7.402817509024834
3 9 14.805635018049667
3 10 1.738966933118764
3 11 3.477933866237528
3 12 0.7911863063157552
3 13 1.5823726126315103
3 14 -0.03614506317649646
3 15 -0.07229012635299292
4 -9.092811864295916
4 5 7.263798056056588
4 6 0.0
4 7 0.0
4 8 1.2823443397267127
4 9 2.5646886794534254
4 10 0.165993616526094
4 11 0.331987233052188
4 12 -1.4469321374038076
4 13 -2.893864274807615
4 14 -0.4537142060369939
4 15 -0.9074284120739878
5 -14.553724700563539
5 6 0.0
5 7 0.0
5 8 2.5646886794534254
5 9 5.129377358906851
5 10 0.331987233052188
5 11 0.663974466104376
5 12 -2.893864274807615
5 13 -5.78772854961523
5 14 -0.9074284120739878
5 15 -1.8148568241479757
6 -11.314206149939837
6 7 7.263798056056588
6 8 -0.1659936165260939
6 9 -0.3319872330521878
6 10 1.2823443397267127
6 11 2.5646886794534254
6 12 0.45371420603699386
6 13 0.9074284120739877
6 14 -1.4469321374038076
6 15 -2.893864274807615
7 -18.99651327185138
7 8 -0.3319872330521878
7 9 -0.6639744661043756
7 10 2.5646886794534254
7 11 5.129377358906851
7 12 0.9074284120739877
7 13 1.8148568241479754
7 14 -2.893864274807615
7 15 -5.78772854961523
8 -0.05924384784748993
8 9 11.704817485755882
8 10 0.0
8 11 0.0
8 12 -2.287230743016402
8 13 -4.574461486032804
8 14 0.8998942994177473
8 15 1.7997885988354947
9 5.733921047182959
9 10 0.0
9 11 0.0
9 12 -4.574461486032804
9 13 -9.148922972065607
9 14 1.7997885988354947
9 15 3.5995771976709894
10 -16.916221610711915
10 11 11.704817485755878
10 12 -0.8998942994177472
10 13 -1.7997885988354945
10 14 -2.2872307430164023
10 15 -4.574461486032805
11 -27.980034478545893
11 12 -1.7997885988354945
11 13 -3.599577197670989
11 14 -4.574461486032805
11 15 -9.14892297206561
12 1.6221001672313193
12 13 6.590601627151102
12 14 0.0
12 15 0.0
13 6.539501148038189
13 14 0.0
13 15 0.0
14 12.87374811285255
14 15 6.590601627151102
15 29.04279703928065
