16
1000010001111010
MMSE:1000010001111010
0 2.5866386865938864
0 1 6.783832218736345
0 2 0.0
0 3 0.0
0 4 1.4812289485876244
0 5 2.962457897175249
0 6 0.667509571724161
0 7 1.335019143448322
0 8 -1.490076149634577
0 9 -2.980152299269154
0 10 -1.2778189765331844
0 11 -2.555637953066369
0 12 0.8674752202666174
0 13 1.7349504405332348
0 14 -0.10469962515059429
0 15 -0.20939925030118858
1 8.565193482555944
1 2 0.0
1 3 0.0
1 4 2.962457897175249
1 5 5.924915794350498
1 6 1.335019143448322
1 7 2.670038286896644
1 8 -2.980152299269154
1 9 -5.960304598538308
1 10 -2.555637953066369
1 11 -5.111275906132738
1 12 1.7349504405332348
1 13 3.4699008810664695
1 14 -0.20939925030118858
1 15 -0.41879850060237717
2 -1.3090265672265964
2 3 6.783832218736345
2 4 -0.6675095717241606
2 5 -1.3350191434483212
2 6 1.4812289485876244
2 7 2.962457897175249
2 8 1.2778189765331842
2 9 2.5556379530663684
2 10 -1.490076149634577
2 11 -2.980152299269154
2 12 0.10469962515059444
2 13 0.2093992503011889
2 14 0.8674752202666173
2 15 1.7349504405332346
3 0.7738629749149792
3 4 -1.3350191434483212
3 5 -2.6700382868966424
3 6 2.962457897175249
3 7 5.924915794350498
3 8 2.5556379530663684
3 9 5.111275906132737
3 10 -2.980152299269154
3 11 -5.960304598538308
3 12 0.2093992503011889
3 13 0.4187985006023778
3 14 1.7349504405332346
3 15 3.469900881066469
4 -1.5229435873649964
4 5 4.638815533530419
4 6 0.0
4 7 0.0
4 8 -0.2914137760273533
4 9 -0.5828275520547066
4 10 0.7057085328799837
4 11 1.4114170657599674
4 12 0.6217127446099112
4 13 1.2434254892198224
4 14 -0.08303335521386213
4 15 -0.16606671042772425
5 -0.7264794079647832
5 6 0.0
5 7 0.0
5 8 -0.5828275520547066
5 9 -1.1656551041094132
5 10 1.4114170657599674
5 11 2.822834131519935
5 12 1.2434254892198224
5 13 2.486850978439645
5 14 -0.16606671042772425
5 15 -0.3321334208554485
6 -2.2360939170964125
6 7 4.638815533530419
6 8 -0.7057085328799837
6 9 -1.4114170657599674
6 10 -0.2914137760273535
6 11 -0.582827552054707
6 12 0.08303335521386224
6 13 0.16606671042772447
6 14 0.6217127446099111
6 15 1.2434254892198222
7 -2.1527800674276154
7 8 -1.4114170657599674
7 9 -2.822834131519935
7 10 -0.582827552054707
7 11 -1.165655104109414
7 12 0.16606671042772447
7 13 0.33213342085544895
7 14 1.2434254892198222
7 15 2.4868509784396444
8 1.3975753649736298
8 9 5.202070822636587
8 10 0.0
8 11 0.0
8 12 -1.132399590206113
8 13 -2.264799180412226
8 14 0.21284306729312513
8 15 0.42568613458625026
9 5.396186141265554
9 10 0.0
9 11 0.0
9 12 -2.264799180412226
9 13 -4.529598360824452
9 14 0.42568613458625026
9 15 0.8513722691725005
10 -2.225585427495135
10 11 5.202070822636588
10 12 -0.2128430672931253
10 13 -0.4256861345862506
10 14 -1.132399590206113
10 15 -2.264799180412226
11 -1.8501354436719764
11 12 -0.4256861345862506
11 13 -0.8513722691725012
11 14 -2.264799180412226
11 15 -4.529598360824452
12 -7.831562381379861
12 13 8.265242579459942
12 14 0.0
12 15 0.0
13 -11.530503473029752
13 14 0.0
13 15 0.0
14 2.2257437378580014
14 15 8.265242579459942
15 8.584108765445974
