16
1000011100001000
MMSE:1000011100001101
0 7.288265031634173
0 1 4.418855460350824
0 2 0.0
0 3 0.0
0 4 -3.290370174404768
0 5 -6.580740348809536
0 6 0.10176173595355908
0 7 0.20352347190711817
0 8 0.8824020721746915
0 9 1.764804144349383
0 10 0.03406093134870934
0 11 0.06812186269741868
0 12 -0.25078475692914537
0 13 -0.5015695138582907
0 14 -0.10234024281791179
0 15 -0.20468048563582358
1 16.785957793443757
1 2 0.0
1 3 0.0
1 4 -6.580740348809536
1 5 -13.161480697619073
1 6 0.20352347190711817
1 7 0.40704694381423634
1 8 1.764804144349383
1 9 3.529608288698766
1 10 0.06812186269741868
1 11 0.13624372539483737
1 12 -0.5015695138582907
1 13 -1.0031390277165815
1 14 -0.20468048563582358
1 15 -0.40936097127164717
2 6.1654377936931075
2 3 4.418855460350824
2 4 -0.10176173595355953
2 5 -0.20352347190711906
2 6 -3.290370174404768
2 7 -6.580740348809536
2 8 -0.034060931348709286
2 9 -0.06812186269741857
2 10 0.8824020721746915
2 11 1.764804144349383
2 12 0.10234024281791176
2 13 0.20468048563582353
2 14 -0.25078475692914537
2 15 -0.5015695138582907
3 14.540303317561627
3 4 -0.20352347190711906
3 5 -0.4070469438142381
3 6 -6.580740348809536
3 7 -13.161480697619073
3 8 -0.06812186269741857
3 9 -0.13624372539483715
3 10 1.764804144349383
3 11 3.529608288698766
3 12 0.20468048563582353
3 13 0.40936097127164706
3 14 -0.5015695138582907
3 15 -1.0031390277165815
4 -2.3099754628998816
4 5 17.447829998240298
4 6 0.0
4 7 0.0
4 8 0.6375090001999552
4 9 1.2750180003999103
4 10 -3.4460333493996265
4 11 -6.892066698799253
4 12 -0.23245888749483326
4 13 -0.4649177749896665
4 14 -0.2895523896462787
4 15 -0.5791047792925574
5 4.103964073320386
5 6 0.0
5 7 0.0
5 8 1.2750180003999103
5 9 2.5500360007998206
5 10 -6.892066698799253
5 11 -13.784133397598506
5 12 -0.4649177749896665
5 13 -0.929835549979333
5 14 -0.5791047792925574
5 15 -1.1582095585851149
6 -15.625377230840062
6 7 17.447829998240298
6 8 3.4460333493996265
6 9 6.892066698799253
6 10 0.6375090001999552
6 11 1.2750180003999103
6 12 0.2895523896462787
6 13 0.5791047792925574
6 14 -0.23245888749483315
6 15 -0.4649177749896663
7 -22.526839462559973
7 8 6.892066698799253
7 9 13.784133397598506
7 10 1.2750180003999103
7 11 2.5500360007998206
7 12 0.5791047792925574
7 13 1.1582095585851149
7 14 -0.4649177749896663
7 15 -0.9298355499793326
8 -5.219443824830744
8 9 8.931433266002161
8 10 0.0
8 11 0.0
8 12 -0.06642201941162748
8 13 -0.13284403882325496
8 14 -0.8760424886988598
8 15 -1.7520849773977196
9 -5.973171016660407
9 10 0.0
9 11 0.0
9 12 -0.13284403882325496
9 13 -0.2656880776465099
9 14 -1.7520849773977196
9 15 -3.5041699547954392
10 -5.112241885144561
10 11 8.931433266002163
10 12 0.8760424886988597
10 13 1.7520849773977194
10 14 -0.06642201941162745
10 15 -0.1328440388232549
11 -5.758767137288041
11 12 1.7520849773977194
11 13 3.504169954795439
11 14 -0.1328440388232549
11 15 -0.2656880776465098
12 -2.4970245890415765
12 13 0.884961292294643
12 14 0.0
12 15 0.0
13 -4.551568531935831
13 14 0.0
13 15 0.0
14 0.9223191896139938
14 15 0.884961292294643
15 2.287119025375309
