16
1001001111001000
MMSE:1000001110011101
0 -2.235246010522272
0 1 10.776680951837179
0 2 0.0
0 3 0.0
0 4 1.0509807339611001
0 5 2.1019614679222003
0 6 -0.3665198152117999
0 7 -0.7330396304235998
0 8 2.3107327186234956
0 9 4.621465437246991
0 10 -1.4197423756824221
0 11 -2.8394847513648442
0 12 1.2829381057720286
0 13 2.565876211544057
0 14 0.5050990294268833
0 15 1.0101980588537667
1 0.9178484548740435
1 2 0.0
1 3 0.0
1 4 2.1019614679222003
1 5 4.203922935844401
1 6 -0.7330396304235998
1 7 -1.4660792608471995
1 8 4.621465437246991
1 9 9.242930874493982
1 10 -2.8394847513648442
1 11 -5.6789695027296885
1 12 2.565876211544057
1 13 5.131752423088114
1 14 1.0101980588537667
1 15 2.0203961177075334
2 -3.1633711141377363
2 3 10.776680951837177
2 4 0.3665198152118
2 5 0.7330396304236
2 6 1.0509807339611001
2 7 2.1019614679222003
2 8 1.4197423756824223
2 9 2.8394847513648447
2 10 2.310732718623496
2 11 4.621465437246992
2 12 -0.5050990294268831
2 13 -1.0101980588537662
2 14 1.2829381057720286
2 15 2.565876211544057
3 -0.9384017523568833
3 4 0.7330396304236
3 5 1.4660792608472
3 6 2.1019614679222003
3 7 4.203922935844401
3 8 2.8394847513648447
3 9 5.678969502729689
3 10 4.621465437246992
3 11 9.242930874493984
3 12 -1.0101980588537662
3 13 -2.0203961177075325
3 14 2.565876211544057
3 15 5.131752423088114
4 -6.48424539785637
4 5 8.508042521156842
4 6 0.0
4 7 0.0
4 8 -0.33750144791072134
4 9 -0.6750028958214427
4 10 -1.3283930741129464
4 11 -2.6567861482258928
4 12 -1.090876048705228
4 13 -2.181752097410456
4 14 1.3676081936487894
4 15 2.7352163872975788
5 -8.714469535134318
5 6 0.0
5 7 0.0
5 8 -0.6750028958214427
5 9 -1.3500057916428854
5 10 -2.6567861482258928
5 11 -5.3135722964517855
5 12 -2.181752097410456
5 13 -4.363504194820912
5 14 2.7352163872975788
5 15 5.4704327745951575
6 -8.152660044191663
6 7 8.50804252115684
6 8 1.3283930741129464
6 9 2.6567861482258928
6 10 -0.3375014479107217
6 11 -0.6750028958214433
6 12 -1.3676081936487894
6 13 -2.7352163872975788
6 14 -1.090876048705228
6 15 -2.181752097410456
7 -12.051298827804905
7 8 2.6567861482258928
7 9 5.3135722964517855
7 10 -0.6750028958214433
7 11 -1.3500057916428867
7 12 -2.7352163872975788
7 13 -5.4704327745951575
7 14 -2.181752097410456
7 15 -4.363504194820912
8 -3.830787279433741
8 9 6.351582971811453
8 10 0.0
8 11 0.0
8 12 0.29691815240018243
8 13 0.5938363048003649
8 14 -1.3547906771534453
8 15 -2.7095813543068905
9 -4.485783072961755
9 10 0.0
9 11 0.0
9 12 0.5938363048003649
9 13 1.1876726096007297
9 14 -2.7095813543068905
9 15 -5.419162708613781
10 3.287970631904136
10 11 6.351582971811453
10 12 1.3547906771534455
10 13 2.709581354306891
10 14 0.2969181524001824
10 15 0.5938363048003648
11 9.751732749713998
11 12 2.709581354306891
11 13 5.419162708613782
11 14 0.5938363048003648
11 15 1.1876726096007295
12 4.297236038548517
12 13 5.271853766843982
12 14 0.0
12 15 0.0
13 11.230398960519025
13 14 0.0
13 15 0.0
14 0.8578638239007119
14 15 5.271853766843982
15 4.351654531223415
