16
1110101001000101
MMSE:1110101001000101
0 -6.448273562033273
0 1 7.04402874626305
0 2 0.0
0 3 0.0
0 4 -0.8388477194707944
0 5 -1.6776954389415888
0 6 0.08435388189870763
0 7 0.16870776379741526
0 8 0.3013556002697494
0 9 0.6027112005394988
0 10 0.24883130118075256
0 11 0.4976626023615051
0 12 -0.2705722590072356
0 13 -0.5411445180144712
0 14 -0.18341935860542197
0 15 -0.36683871721084393
1 -9.374532750935021
1 2 0.0
1 3 0.0
1 4 -1.6776954389415888
1 5 -3.3553908778831776
1 6 0.16870776379741526
1 7 0.3374155275948305
1 8 0.6027112005394988
1 9 1.2054224010789976
1 10 0.4976626023615051
1 11 0.9953252047230102
1 12 -0.5411445180144712
1 13 -1.0822890360289423
1 14 -0.36683871721084393
1 15 -0.7336774344216879
2 -1.8755325802684026
2 3 7.04402874626305
2 4 -0.08435388189870774
2 5 -0.16870776379741548
2 6 -0.8388477194707945
2 7 -1.677695438941589
2 8 -0.24883130118075258
2 9 -0.49766260236150517
2 10 0.3013556002697494
2 11 0.6027112005394988
2 12 0.18341935860542197
2 13 0.36683871721084393
2 14 -0.2705722590072355
2 15 -0.541144518014471
3 -0.2290507874052805
3 4 -0.16870776379741548
3 5 -0.33741552759483096
3 6 -1.677695438941589
3 7 -3.355390877883178
3 8 -0.49766260236150517
3 9 -0.9953252047230103
3 10 0.6027112005394988
3 11 1.2054224010789976
3 12 0.36683871721084393
3 13 0.7336774344216879
3 14 -0.541144518014471
3 15 -1.082289036028942
4 -2.0342988636801147
4 5 4.278548945318967
4 6 0.0
4 7 0.0
4 8 -0.40593767078461884
4 9 -0.8118753415692377
4 10 -0.25345969674251684
4 11 -0.5069193934850337
4 12 1.2890908214403303
4 13 2.5781816428806605
4 14 -0.73182414226152
4 15 -1.46364828452304
5 -1.929323254700746
5 6 0.0
5 7 0.0
5 8 -0.8118753415692377
5 9 -1.6237506831384754
5 10 -0.5069193934850337
5 11 -1.0138387869700674
5 12 2.5781816428806605
5 13 5.156363285761321
5 14 -1.46364828452304
5 15 -2.92729656904608
6 -0.7428197603193842
6 7 4.278548945318967
6 8 0.2534596967425167
6 9 0.5069193934850335
6 10 -0.40593767078461884
6 11 -0.8118753415692377
6 12 0.7318241422615201
6 13 1.4636482845230403
6 14 1.2890908214403303
6 15 2.5781816428806605
7 0.653634952020715
7 8 0.5069193934850335
7 9 1.013838786970067
7 10 -0.8118753415692377
7 11 -1.6237506831384754
7 12 1.4636482845230403
7 13 2.9272965690460806
7 14 2.5781816428806605
7 15 5.156363285761321
8 5.124296575134673
8 9 5.951767392141745
8 10 0.0
8 11 0.0
8 12 -1.021697438264106
8 13 -2.043394876528212
8 14 -1.0684888250835591
8 15 -2.1369776501671183
9 13.224476846340218
9 10 0.0
9 11 0.0
9 12 -2.043394876528212
9 13 -4.086789753056424
9 14 -2.1369776501671183
9 15 -4.2739553003342365
10 -4.046316381357651
10 11 5.951767392141745
10 12 1.068488825083559
10 13 2.136977650167118
10 14 -1.021697438264106
10 15 -2.043394876528212
11 -5.11674906664443
11 12 2.136977650167118
11 13 4.273955300334236
11 14 -2.043394876528212
11 15 -4.086789753056424
12 -6.446045777415587
12 13 4.21952592346233
12 14 0.0
12 15 0.0
13 -10.782328593100008
13 14 0.0
13 15 0.0
14 2.1285100619089814
14 15 4.21952592346233
15 6.3667830855491285
