16
1011000010001110
MMSE:1011000010001110
0 4.735944627662993
0 1 6.765025374404749
0 2 0.0
0 3 0.0
0 4 -1.0380905043873827
0 5 -2.0761810087747654
0 6 -1.1628636806837158
0 7 -2.3257273613674316
0 8 0.4558097431944176
0 9 0.9116194863888352
0 10 0.7645292445043408
0 11 1.5290584890086816
0 12 -2.0635799045054006
0 13 -4.127159809010801
0 14 -0.10013553009198606
0 15 -0.20027106018397212
1 12.854401942528359
1 2 0.0
1 3 0.0
1 4 -2.0761810087747654
1 5 -4.152362017549531
1 6 -2.3257273613674316
1 7 -4.651454722734863
1 8 0.9116194863888352
1 9 1.8232389727776703
1 10 1.5290584890086816
1 11 3.058116978017363
1 12 -4.127159809010801
1 13 -8.254319618021603
1 14 -0.20027106018397212
1 15 -0.40054212036794423
2 6.730495045998842
2 3 6.765025374404749
2 4 1.1628636806837158
2 5 2.3257273613674316
2 6 -1.0380905043873827
2 7 -2.0761810087747654
2 8 -0.7645292445043407
2 9 -1.5290584890086814
2 10 0.4558097431944177
2 11 0.9116194863888354
2 12 0.10013553009198584
2 13 0.20027106018397167
2 14 -2.0635799045054006
2 15 -4.127159809010801
3 16.84350277920006
3 4 2.3257273613674316
3 5 4.651454722734863
3 6 -2.0761810087747654
3 7 -4.152362017549531
3 8 -1.5290584890086814
3 9 -3.0581169780173627
3 10 0.9116194863888354
3 11 1.8232389727776708
3 12 0.20027106018397167
3 13 0.40054212036794334
3 14 -4.127159809010801
3 15 -8.254319618021603
4 -1.741531466257395
4 5 5.990041198025251
4 6 0.0
4 7 0.0
4 8 0.13866239823267223
4 9 0.27732479646534447
4 10 0.8013512661647669
4 11 1.6027025323295339
4 12 2.0634382853220865
4 13 4.126876570644173
4 14 -0.7785038263009193
4 15 -1.5570076526018386
5 -0.48804233350216464
5 6 0.0
5 7 0.0
5 8 0.27732479646534447
5 9 0.5546495929306889
5 10 1.6027025323295339
5 11 3.2054050646590677
5 12 4.126876570644173
5 13 8.253753141288346
5 14 -1.5570076526018386
5 15 -3.114015305203677
6 -9.60447189486433
6 7 5.990041198025251
6 8 -0.8013512661647669
6 9 -1.6027025323295339
6 10 0.13866239823267223
6 11 0.27732479646534447
6 12 0.7785038263009195
6 13 1.557007652601839
6 14 2.0634382853220865
6 15 4.126876570644173
7 -16.213923190716038
7 8 -1.6027025323295339
7 9 -3.2054050646590677
7 10 0.27732479646534447
7 11 0.5546495929306889
7 12 1.557007652601839
7 13 3.114015305203678
7 14 4.126876570644173
7 15 8.253753141288346
8 2.2340260808324928
8 9 2.220269313268988
8 10 0.0
8 11 0.0
8 12 -0.2173342741790213
8 13 -0.4346685483580426
8 14 0.3307240900790289
8 15 0.6614481801580578
9 5.57818681829948
9 10 0.0
9 11 0.0
9 12 -0.4346685483580426
9 13 -0.8693370967160852
9 14 0.6614481801580578
9 15 1.3228963603161157
10 -0.08396561610395481
10 11 2.220269313268988
10 12 -0.33072409007902887
10 13 -0.6614481801580577
10 14 -0.2173342741790213
10 15 -0.4346685483580426
11 0.9422034244265847
11 12 -0.6614481801580577
11 13 -1.3228963603161155
11 14 -0.4346685483580426
11 15 -0.8693370967160852
12 -5.176757325171493
12 13 5.581494129904977
12 14 0.0
12 15 0.0
13 -7.562767585390497
13 14 0.0
13 15 0.0
14 -7.612616913197936
14 15 5.581494129904977
15 -12.434486761443384
