16
1111000001101100
MMSE:1011000001111100
0 -9.291752265001392
0 1 6.070642631426065
0 2 0.0
0 3 0.0
0 4 1.5606660476643963
0 5 3.1213320953287926
0 6 1.7969052300485497
0 7 3.5938104600970995
0 8 -0.7456373834761864
0 9 -1.4912747669523727
0 10 1.6081198828894645
0 11 3.216239765778929
0 12 -0.05199096106460099
0 13 -0.10398192212920199
0 14 -1.6608764416289221
0 15 -3.3217528832578442
1 -15.548183214289754
1 2 0.0
1 3 0.0
1 4 3.1213320953287926
1 5 6.242664190657585
1 6 3.5938104600970995
1 7 7.187620920194199
1 8 -1.4912747669523727
1 9 -2.9825495339047454
1 10 3.216239765778929
1 11 6.432479531557858
1 12 -0.10398192212920199
1 13 -0.20796384425840397
1 14 -3.3217528832578442
1 15 -6.6435057665156885
2 0.3103116134496837
2 3 6.070642631426065
2 4 -1.7969052300485495
2 5 -3.593810460097099
2 6 1.5606660476643963
2 7 3.1213320953287926
2 8 -1.608119882889465
2 9 -3.21623976577893
2 10 -0.7456373834761862
2 11 -1.4912747669523725
2 12 1.6608764416289223
2 13 3.3217528832578447
2 14 -0.05199096106460088
2 15 -0.10398192212920176
3 3.6559445426123998
3 4 -3.593810460097099
3 5 -7.187620920194198
3 6 3.1213320953287926
3 7 6.242664190657585
3 8 -3.21623976577893
3 9 -6.43247953155786
3 10 -1.4912747669523725
3 11 -2.982549533904745
3 12 3.3217528832578447
3 13 6.643505766515689
3 14 -0.10398192212920176
3 15 -0.20796384425840353
4 3.1679418946205895
4 5 13.380262172413286
4 6 0.0
4 7 0.0
4 8 -0.37431404235787374
4 9 -0.7486280847157475
4 10 0.7263194325884277
4 11 1.4526388651768554
4 12 0.5020168682157127
4 13 1.0040337364314253
4 14 -1.6677222559752116
4 15 -3.3354445119504232
5 13.026014875447823
5 6 0.0
5 7 0.0
5 8 -0.7486280847157475
5 9 -1.497256169431495
5 10 1.4526388651768554
5 11 2.9052777303537107
5 12 1.0040337364314253
5 13 2.0080674728628507
5 14 -3.3354445119504232
5 15 -6.6708890239008465
6 -19.34871872761409
6 7 13.380262172413286
6 8 -0.7263194325884277
6 9 -1.4526388651768554
6 10 -0.3743140423578736
6 11 -0.7486280847157472
6 12 1.6677222559752118
6 13 3.3354445119504237
6 14 0.5020168682157128
6 15 1.0040337364314256
7 -32.007306369021535
7 8 -1.4526388651768554
7 9 -2.9052777303537107
7 10 -0.7486280847157472
7 11 -1.4972561694314943
7 12 3.3354445119504237
7 13 6.670889023900847
7 14 1.0040337364314256
7 15 2.008067472862851
8 0.3097594748742101
8 9 3.099720063879503
8 10 0.0
8 11 0.0
8 12 -0.8706462564768044
8 13 -1.7412925129536088
8 14 1.1045457957114024
8 15 2.209091591422805
9 2.1693789816881717
9 10 0.0
9 11 0.0
9 12 -1.7412925129536088
9 13 -3.4825850259072175
9 14 2.209091591422805
9 15 4.41818318284561
10 -2.83281231968889
10 11 3.099720063879503
10 12 -1.1045457957114024
10 13 -2.209091591422805
10 14 -0.8706462564768045
10 15 -1.741292512953609
11 -4.115764607438028
11 12 -2.209091591422805
11 13 -4.41818318284561
11 14 -1.741292512953609
11 15 -3.482585025907218
12 -0.6250297011112149
12 13 4.186324399856008
12 14 0.0
12 15 0.0
13 0.8431027977055745
13 14 0.0
13 15 0.0
14 -0.6270179730378835
14 15 4.186324399856008
15 0.8391262538522373
