16
1001100011111111
MMSE:1001100011111111
0 -3.333411862964585
0 1 6.988557118867443
0 2 0.0
0 3 0.0
0 4 2.2944892341937426
0 5 4.588978468387485
0 6 -0.40191941772008766
0 7 -0.8038388354401753
0 8 -0.7426918900414463
0 9 -1.4853837800828926
0 10 0.5901136890105947
0 11 1.1802273780211894
0 12 1.651203894294281
0 13 3.302407788588562
0 14 -1.020098104031334
0 15 -2.040196208062668
1 -3.172545166495447
1 2 0.0
1 3 0.0
1 4 4.588978468387485
1 5 9.17795693677497
1 6 -0.8038388354401753
1 7 -1.6076776708803506
1 8 -1.4853837800828926
1 9 -2.9707675601657852
1 10 1.1802273780211894
1 11 2.3604547560423788
1 12 3.302407788588562
1 13 6.604815577177124
1 14 -2.040196208062668
1 15 -4.080392416125336
2 -0.26047706117437186
2 3 6.988557118867443
2 4 0.401919417720088
2 5 0.803838835440176
2 6 2.294489234193742
2 7 4.588978468387484
2 8 -0.5901136890105948
2 9 -1.1802273780211896
2 10 -0.7426918900414463
2 11 -1.4853837800828926
2 12 1.0200981040313342
2 13 2.0401962080626683
2 14 1.651203894294281
2 15 3.302407788588562
3 2.9733244370849787
3 4 0.803838835440176
3 5 1.607677670880352
3 6 4.588978468387484
3 7 9.177956936774969
3 8 -1.1802273780211896
3 9 -2.360454756042379
3 10 -1.4853837800828926
3 11 -2.9707675601657852
3 12 2.0401962080626683
3 13 4.080392416125337
3 14 3.302407788588562
3 15 6.604815577177124
4 -0.6580321192256822
4 5 8.805104419370396
4 6 0.0
4 7 0.0
4 8 -1.653104549679661
4 9 -3.306209099359322
4 10 0.4652779158843279
4 11 0.9305558317686558
4 12 1.7786723797053003
4 13 3.5573447594106007
4 14 -0.2995028731939747
4 15 -0.5990057463879493
5 3.086487971233834
5 6 0.0
5 7 0.0
5 8 -3.306209099359322
5 9 -6.612418198718644
5 10 0.9305558317686558
5 11 1.8611116635373115
5 12 3.5573447594106007
5 13 7.114689518821201
5 14 -0.5990057463879493
5 15 -1.1980114927758987
6 2.5850173303435593
6 7 8.805104419370396
6 8 -0.465277915884328
6 9 -0.930555831768656
6 10 -1.653104549679661
6 11 -3.306209099359322
6 12 0.2995028731939749
6 13 0.5990057463879498
6 14 1.7786723797053003
6 15 3.5573447594106007
7 9.572586870372316
7 8 -0.930555831768656
7 9 -1.861111663537312
7 10 -3.306209099359322
7 11 -6.612418198718644
7 12 0.5990057463879498
7 13 1.1980114927758996
7 14 3.5573447594106007
7 15 7.114689518821201
8 0.19820466343402582
8 9 2.5941555110206393
8 10 0.0
8 11 0.0
8 12 -0.5993175717068994
8 13 -1.1986351434137987
8 14 -0.06727535677395483
8 15 -0.13455071354790965
9 1.6934870823783714
9 10 0.0
9 11 0.0
9 12 -1.1986351434137987
9 13 -2.3972702868275975
9 14 -0.13455071354790965
9 15 -0.2691014270958193
10 -0.6608796187550476
10 11 2.59415551102064
10 12 0.06727535677395469
10 13 0.13455071354790937
10 14 -0.5993175717068993
10 15 -1.1986351434137985
11 -0.02468148199977538
11 12 0.13455071354790937
11 13 0.26910142709581875
11 14 -1.1986351434137985
11 15 -2.397270286827597
12 -2.7897281600774324
12 13 2.8832972401066415
12 14 0.0
12 15 0.0
13 -4.137807700101543
13 14 0.0
13 15 0.0
14 0.9786099602964782
14 15 2.8832972401066415
15 3.398868540646277
