8
00101110
MMSE:00101110
0 7.960533493202327
0 1 0.0
0 2 2.781202763846227
0 3 10.940419165798803
0 4 -0.25338161735571285
0 5 -4.13376724282262
0 6 8.061215777036622
0 7 -0.10280563242691909
1 -13.090440968801175
1 2 -10.940419165798803
1 3 2.7812027638462267
1 4 4.1337672428226195
1 5 -0.2533816173557122
1 6 0.1028056324269202
1 7 8.061215777036622
2 25.036086975143988
2 3 0.0
2 4 -3.2619859662342985
2 5 -5.450367240185355
2 6 2.5799674743961685
2 7 -6.476739088328738
3 -0.6372062629449857
3 4 5.450367240185354
3 5 -3.2619859662342985
3 6 6.476739088328738
3 7 2.5799674743961694
4 -9.894955315510272
4 5 0.0
4 6 -2.0088418569718653
4 7 3.6790388883728866
5 4.987842740250904
5 6 -3.6790388883728866
5 7 -2.0088418569718653
6 4.644777670376069
6 7 0.0
7 -9.339014554198306
