8
10110000
MMSE:10010100
0 10.627239395953273
0 1 0.0
0 2 -5.190452521936913
0 3 -5.8143184034185795
0 4 2.2790487159720874
0 5 3.8226462225217053
0 6 -10.317899522527005
0 7 -0.5006776504599306
1 12.29875287120293
1 2 5.814318403418579
1 3 -5.190452521936913
1 4 -3.8226462225217053
1 5 2.2790487159720882
1 6 0.5006776504599293
1 7 -10.317899522527007
2 -6.635906145582131
2 3 0.0
2 4 0.6933119911633612
2 5 4.006756330823835
2 6 10.317191426610432
2 7 -3.8925191315045957
3 -3.9599318649957898
3 4 -4.006756330823835
3 5 0.6933119911633612
3 6 3.8925191315045966
3 7 10.317191426610432
4 -0.9191387204548191
4 5 0.0
4 6 -1.0866713708951066
4 7 1.6536204503951457
5 -4.730359652821081
5 6 -1.6536204503951453
5 7 -1.0866713708951066
6 -1.6020832428172307
6 7 0.0
7 -4.2696730093755795
