8
01110011
MMSE:01110011
0 -24.29360917152347
0 1 0.0
0 2 12.138529005293812
0 3 0.8066843103016652
0 4 1.798510357000655
0 5 1.1014599654394281
0 6 1.4781878714534198
0 7 -5.777832954193645
1 -15.737336423445234
1 2 -0.8066843103016637
1 3 12.138529005293812
1 4 -1.1014599654394277
1 5 1.7985103570006549
1 6 5.777832954193645
1 7 1.47818787145342
2 -16.57553028915443
2 3 0.0
2 4 1.5622780590801721
2 5 0.7081967566526913
2 6 -0.788869976966486
2 7 -1.9533760305887473
3 -11.923388532898521
3 4 -0.7081967566526911
3 5 1.5622780590801717
3 6 1.953376030588747
3 7 -0.7888699769664862
4 10.476038287146217
4 5 0.0
4 6 -3.586496993727086
4 7 6.090171529809528
5 -2.9470812227827574
5 6 -6.0901715298095285
5 7 -3.586496993727086
6 -5.964663031023637
6 7 0.0
7 15.744020940154776
