8
11111110
MMSE:11111110
0 2.929959652263758
0 1 0.0
0 2 -12.260445410946513
0 3 -3.127796074227107
0 4 -1.6022744086583436
0 5 -6.149093359595775
0 6 -3.7888192101629974
0 7 0.9355552812267609
1 4.014534278298054
1 2 3.1277960742271063
1 3 -12.260445410946511
1 4 6.149093359595775
1 5 -1.602274408658343
1 6 -0.9355552812267618
1 7 -3.788819210162998
2 1.6840985852672752
2 3 0.0
2 4 -1.756427828345426
2 5 10.208966104674603
2 6 3.411481178669603
2 7 -14.147771093776171
3 20.76878311609331
3 4 -10.208966104674603
3 5 -1.7564278283454258
3 6 14.14777109377617
3 7 3.4114811786696033
4 0.4482673434857203
4 5 0.0
4 6 -3.6190853541271357
4 7 1.9605371696548906
5 0.7381576166640178
5 6 -1.9605371696548912
5 7 -3.619085354127136
6 12.710142785008436
6 7 0.0
7 22.2874597728599
