8
11000110
MMSE:11000110
0 8.844118457194705
0 1 0.0
0 2 4.453506118648709
0 3 -11.729930887932678
0 4 4.347417332796911
0 5 -18.507043772562085
0 6 -0.09036265794124176
0 7 -1.9779657657893859
1 -8.898656887393503
1 2 11.729930887932678
1 3 4.453506118648709
1 4 18.507043772562085
1 5 4.347417332796911
1 6 1.9779657657893868
1 7 -0.09036265794124176
2 -2.814550207140867
2 3 0.0
2 4 6.411721698633565
2 5 0.8299680826304705
2 6 -7.234660687019039
2 7 -2.26857103018497
3 -3.6310501562815958
3 4 -0.8299680826304701
3 5 6.411721698633565
3 6 2.2685710301849698
3 7 -7.234660687019039
4 -19.234571701894822
4 5 0.0
4 6 -11.436153715082014
4 7 4.499471497088737
5 -3.019007617637005
5 6 -4.499471497088735
5 7 -11.436153715082014
6 24.612749760804153
6 7 0.0
7 24.67635904038028
