24
100001000111101010010100
MMSE:100011000110111010010100
0 -3.539119081733105
0 1 1.6151981473181771
0 2 3.2303962946363542
0 3 0.0
0 4 0.0
0 5 0.0
0 6 0.35267355918752963
0 7 0.7053471183750593
0 8 1.4106942367501185
0 9 0.1589308504105145
0 10 0.317861700821029
0 11 0.635723401642058
0 12 -0.35478003562728017
0 13 -0.7095600712545603
0 14 -1.4191201425091207
0 15 -0.30424261346028203
0 16 -0.6084852269205641
0 17 -1.2169704538411281
0 18 0.20654171911109936
0 19 0.41308343822219873
0 20 0.8261668764443975
0 21 -0.024928482178712928
0 22 -0.049856964357425856
0 23 -0.09971392871485171
1 -6.270639089807121
1 2 6.4607925892727085
1 3 0.0
1 4 0.0
1 5 0.0
1 6 0.7053471183750593
1 7 1.4106942367501185
1 8 2.821388473500237
1 9 0.317861700821029
1 10 0.635723401642058
1 11 1.271446803284116
1 12 -0.7095600712545603
1 13 -1.4191201425091207
1 14 -2.8382402850182413
1 15 -0.6084852269205641
1 16 -1.2169704538411281
1 17 -2.4339409076822562
1 18 0.41308343822219873
1 19 0.8261668764443975
1 20 1.652333752888795
1 21 -0.049856964357425856
1 22 -0.09971392871485171
1 23 -0.19942785742970343
2 -9.310881884977888
2 3 0.0
2 4 0.0
2 5 0.0
2 6 1.4106942367501185
2 7 2.821388473500237
2 8 5.642776947000474
2 9 0.635723401642058
2 10 1.271446803284116
2 11 2.542893606568232
2 12 -1.4191201425091207
2 13 -2.8382402850182413
2 14 -5.676480570036483
2 15 -1.2169704538411281
2 16 -2.4339409076822562
2 17 -4.8678818153645125
2 18 0.8261668764443975
2 19 1.652333752888795
2 20 3.30466750577759
2 21 -0.09971392871485171
2 22 -0.19942785742970343
2 23 -0.39885571485940685
3 -2.8898088110861457
3 4 1.6151981473181771
3 5 3.2303962946363542
3 6 -0.1589308504105144
3 7 -0.3178617008210288
3 8 -0.6357234016420577
3 9 0.35267355918752963
3 10 0.7053471183750593
3 11 1.4106942367501185
3 12 0.3042426134602819
3 13 0.6084852269205638
3 14 1.2169704538411277
3 15 -0.35478003562728017
3 16 -0.7095600712545603
3 17 -1.4191201425091207
3 18 0.024928482178712977
3 19 0.049856964357425954
3 20 0.09971392871485191
3 21 0.20654171911109936
3 22 0.41308343822219873
3 23 0.8261668764443975
4 -4.972018548513203
4 5 6.4607925892727085
4 6 -0.3178617008210288
4 7 -0.6357234016420577
4 8 -1.2714468032841153
4 9 0.7053471183750593
4 10 1.4106942367501185
4 11 2.821388473500237
4 12 0.6084852269205638
4 13 1.2169704538411277
4 14 2.4339409076822554
4 15 -0.7095600712545603
4 16 -1.4191201425091207
4 17 -2.8382402850182413
4 18 0.049856964357425954
4 19 0.09971392871485191
4 20 0.19942785742970381
4 21 0.41308343822219873
4 22 0.8261668764443975
4 23 1.652333752888795
5 -6.713640802390051
5 6 -0.6357234016420577
5 7 -1.2714468032841153
5 8 -2.5428936065682306
5 9 1.4106942367501185
5 10 2.821388473500237
5 11 5.642776947000474
5 12 1.2169704538411277
5 13 2.4339409076822554
5 14 4.867881815364511
5 15 -1.4191201425091207
5 16 -2.8382402850182413
5 17 -5.676480570036483
5 18 0.09971392871485191
5 19 0.19942785742970381
5 20 0.39885571485940763
5 21 0.8261668764443975
5 22 1.652333752888795
5 23 3.30466750577759
6 -3.750320487119293
6 7 1.1044798889358138
6 8 2.2089597778716277
6 9 0.0
6 10 0.0
6 11 0.0
6 12 -0.06938423238746509
6 13 -0.13876846477493018
6 14 -0.27753692954986037
6 15 0.1680258411619009
6 16 0.3360516823238018
6 17 0.6721033646476036
6 18 0.14802684395474075
6 19 0.2960536879094815
6 20 0.592107375818963
6 21 -0.019769846479491038
6 22 -0.039539692958982076
6 23 -0.07907938591796415
7 -6.948401029770678
7 8 4.417919555743255
7 9 0.0
7 10 0.0
7 11 0.0
7 12 -0.13876846477493018
7 13 -0.27753692954986037
7 14 -0.5550738590997207
7 15 0.3360516823238018
7 16 0.6721033646476036
7 17 1.3442067292952071
7 18 0.2960536879094815
7 19 0.592107375818963
7 20 1.184214751637926
7 21 -0.039539692958982076
7 22 -0.07907938591796415
7 23 -0.1581587718359283
8 -11.687842281669727
8 9 0.0
8 10 0.0
8 11 0.0
8 12 -0.27753692954986037
8 13 -0.5550738590997207
8 14 -1.1101477181994415
8 15 0.6721033646476036
8 16 1.3442067292952071
8 17 2.6884134585904143
8 18 0.592107375818963
8 19 1.184214751637926
8 20 2.368429503275852
8 21 -0.07907938591796415
8 22 -0.1581587718359283
8 23 -0.3163175436718566
9 -4.1055771479969145
9 10 1.1044798889358138
9 11 2.2089597778716277
9 12 -0.16802584116190092
9 13 -0.33605168232380184
9 14 -0.6721033646476037
9 15 -0.06938423238746509
9 16 -0.13876846477493018
9 17 -0.27753692954986037
9 18 0.019769846479491038
9 19 0.039539692958982076
9 20 0.07907938591796415
9 21 0.14802684395474075
9 22 0.2960536879094815
9 23 0.592107375818963
10 -7.6589143515259215
10 11 4.417919555743255
10 12 -0.33605168232380184
10 13 -0.6721033646476037
10 14 -1.3442067292952073
10 15 -0.13876846477493018
10 16 -0.27753692954986037
10 17 -0.5550738590997207
10 18 0.039539692958982076
10 19 0.07907938591796415
10 20 0.1581587718359283
10 21 0.2960536879094815
10 22 0.592107375818963
10 23 1.184214751637926
11 -13.108868925180214
11 12 -0.6721033646476037
11 13 -1.3442067292952073
11 14 -2.6884134585904147
11 15 -0.27753692954986037
11 16 -0.5550738590997207
11 17 -1.1101477181994415
11 18 0.07907938591796415
11 19 0.1581587718359283
11 20 0.3163175436718566
11 21 0.592107375818963
11 22 1.184214751637926
11 23 2.368429503275852
12 2.2096966047681432
12 13 1.2385882911039494
12 14 2.477176582207899
12 15 0.0
12 16 0.0
12 17 0.0
12 18 -0.2696189500490745
12 19 -0.539237900098149
12 20 -1.078475800196298
12 21 0.0506769207840774
12 22 0.1013538415681548
12 23 0.2027076831363096
13 5.038687355088261
13 14 4.954353164415798
13 15 0.0
13 16 0.0
13 17 0.0
13 18 -0.539237900098149
13 19 -1.078475800196298
13 20 -2.156951600392596
13 21 0.1013538415681548
13 22 0.2027076831363096
13 23 0.4054153662726192
14 12.55455129238442
14 15 0.0
14 16 0.0
14 17 0.0
14 18 -1.078475800196298
14 19 -2.156951600392596
14 20 -4.313903200785192
14 21 0.2027076831363096
14 22 0.4054153662726192
14 23 0.8108307325452384
15 1.2544915393663891
15 16 1.2385882911039494
15 17 2.477176582207899
15 18 -0.05067692078407744
15 19 -0.10135384156815488
15 20 -0.20270768313630977
15 21 -0.2696189500490745
15 22 -0.539237900098149
15 23 -1.078475800196298
16 3.128277224284753
16 17 4.954353164415798
16 18 -0.10135384156815488
16 19 -0.20270768313630977
16 20 -0.40541536627261954
16 21 -0.539237900098149
16 22 -1.078475800196298
16 23 -2.156951600392596
17 8.733731030777406
17 18 -0.20270768313630977
17 19 -0.40541536627261954
17 20 -0.8108307325452391
17 21 -1.078475800196298
17 22 -2.156951600392596
17 23 -4.313903200785192
18 -6.63098677107771
18 19 1.9679148998714147
18 20 3.9358297997428293
18 21 0.0
18 22 0.0
18 23 0.0
19 -12.278016092219714
19 20 7.871659599485659
19 21 0.0
19 22 0.0
19 23 0.0
20 -20.620202384696597
20 21 0.0
20 22 0.0
20 23 0.0
21 -4.412481018805234
21 22 1.9679148998714147
21 23 3.9358297997428293
22 -7.841004587674762
22 23 7.871659599485659
23 -11.746179375606694
