8
01101010
MMSE:01101010
0 -9.475639775602302
0 1 0.0
0 2 18.77672273146294
0 3 0.8346868987162077
0 4 -3.574080597459374
0 5 -9.55359662561071
0 6 6.296632127911388
0 7 0.8061811367574423
1 -9.454462188117544
1 2 -0.8346868987162064
1 3 18.77672273146294
1 4 9.55359662561071
1 5 -3.5740805974593743
1 6 -0.8061811367574405
1 7 6.296632127911388
2 -5.485652218070435
2 3 0.0
2 4 -8.760402561492336
2 5 -12.081483647439926
2 6 11.007223734309651
2 7 -3.105116756100616
3 -7.106349338688991
3 4 12.081483647439926
3 5 -8.760402561492336
3 6 3.1051167561006165
3 7 11.007223734309653
4 1.6177152144718958
4 5 0.0
4 6 0.2921297319260391
4 7 7.517352092389309
5 20.669854567630033
5 6 -7.51735209238931
5 7 0.29212973192603897
6 2.421759021096947
6 7 0.0
7 0.7631142048051718
