8
11010110
MMSE:11010110
0 -1.1738467657067524
0 1 0.0
0 2 2.1797158322243404
0 3 -6.431454376125771
0 4 0.5407475800621502
0 5 -0.22123596216984676
0 6 -0.3129706273473234
0 7 4.4169997233665725
1 -4.327326645036696
1 2 6.431454376125773
1 3 2.17971583222434
1 4 0.22123596216984676
1 5 0.5407475800621501
1 6 -4.4169997233665725
1 7 -0.3129706273473237
2 -20.89617498195115
2 3 0.0
2 4 1.1914326271833104
2 5 8.19380992853413
2 6 -10.811476972040058
2 7 -3.683894004449573
3 4.031571033299396
3 4 -8.19380992853413
3 5 1.19143262718331
3 6 3.683894004449572
3 7 -10.811476972040058
4 1.1648425358860237
4 5 0.0
4 6 0.7617342385318138
4 7 7.327286255440517
5 -14.363897090947116
5 6 -7.327286255440517
5 7 0.7617342385318137
6 19.86289620253944
6 7 0.0
7 7.898699126851547
