8
11001110
MMSE:11001110
0 -2.8183085149917986
0 1 0.0
0 2 3.930151673648939
0 3 -3.1058866403630416
0 4 2.2895281048022946
0 5 -4.386482692955406
0 6 -5.919614602824587
0 7 -4.518487012032355
1 -4.593033403088982
1 2 3.1058866403630425
1 3 3.930151673648939
1 4 4.386482692955406
1 5 2.2895281048022946
1 6 4.518487012032354
1 7 -5.919614602824587
2 -0.3125667193045292
2 3 0.0
2 4 5.759216913862623
2 5 2.146019315548654
2 6 -8.454303557747867
2 7 -0.10318026451111284
3 -4.021569764638425
3 4 -2.1460193155486538
3 5 5.759216913862622
3 6 0.10318026451111195
3 7 -8.454303557747867
4 -3.75450285979578
4 5 0.0
4 6 3.3487786392574606
4 7 -2.653149870444753
5 2.3046172144803316
5 6 2.6531498704447536
5 7 3.3487786392574614
6 10.277171141898668
6 7 0.0
7 23.325806279960286
