16
0110011111111111
MMSE:0110011111111111
0 -4.385985776583008
0 1 2.639026742175038
0 2 0.0
0 3 0.0
0 4 -0.9379730565336293
0 5 -1.8759461130672586
0 6 1.0942111291727716
0 7 2.1884222583455433
0 8 1.546366467470724
0 9 3.092732934941448
0 10 1.3692530525530393
0 11 2.7385061051060786
0 12 -1.397001451043108
0 13 -2.794002902086216
0 14 -0.9083627244847509
0 15 -1.8167254489695017
1 -7.452458182078498
1 2 0.0
1 3 0.0
1 4 -1.8759461130672586
1 5 -3.751892226134517
1 6 2.1884222583455433
1 7 4.3768445166910865
1 8 3.092732934941448
1 9 6.185465869882896
1 10 2.7385061051060786
1 11 5.477012210212157
1 12 -2.794002902086216
1 13 -5.588005804172432
1 14 -1.8167254489695017
1 15 -3.6334508979390034
2 2.883488328777495
2 3 2.639026742175038
2 4 -1.0942111291727716
2 5 -2.1884222583455433
2 6 -0.9379730565336294
2 7 -1.8759461130672588
2 8 -1.3692530525530389
2 9 -2.7385061051060777
2 10 1.5463664674707238
2 11 3.0927329349414476
2 12 0.9083627244847507
2 13 1.8167254489695015
2 14 -1.397001451043108
2 15 -2.794002902086216
3 7.086490028642508
3 4 -2.1884222583455433
3 5 -4.3768445166910865
3 6 -1.8759461130672588
3 7 -3.7518922261345176
3 8 -2.7385061051060777
3 9 -5.4770122102121555
3 10 3.0927329349414476
3 11 6.185465869882895
3 12 1.8167254489695015
3 13 3.633450897939003
3 14 -2.794002902086216
3 15 -5.588005804172432
4 -5.176838369235392
4 5 8.690701142477511
4 6 0.0
4 7 0.0
4 8 0.5203095763514586
4 9 1.0406191527029172
4 10 -1.4614082217402156
4 11 -2.922816443480431
4 12 1.48723954547317
4 13 2.97447909094634
4 14 1.0543849159671699
4 15 2.1087698319343398
5 -6.008326167232028
5 6 0.0
5 7 0.0
5 8 1.0406191527029172
5 9 2.0812383054058343
5 10 -2.922816443480431
5 11 -5.845632886960862
5 12 2.97447909094634
5 13 5.94895818189268
5 14 2.1087698319343398
5 15 4.2175396638686795
6 -10.773980956467867
6 7 8.690701142477511
6 8 1.4614082217402158
6 9 2.9228164434804316
6 10 0.5203095763514586
6 11 1.0406191527029172
6 12 -1.0543849159671699
6 13 -2.1087698319343398
6 14 1.4872395454731702
6 15 2.9744790909463403
7 -17.202611341696976
7 8 2.9228164434804316
7 9 5.845632886960863
7 10 1.0406191527029172
7 11 2.0812383054058343
7 12 -2.1087698319343398
7 13 -4.2175396638686795
7 14 2.9744790909463403
7 15 5.948958181892681
8 -5.794599255002684
8 9 9.017856331864223
8 10 0.0
8 11 0.0
8 12 -3.708340996216961
8 13 -7.416681992433922
8 14 0.4893583315647116
8 15 0.9787166631294232
9 -7.080270344073254
9 10 0.0
9 11 0.0
9 12 -7.416681992433922
9 13 -14.833363984867844
9 14 0.9787166631294232
9 15 1.9574333262588464
10 -2.863590335002342
10 11 9.017856331864223
10 12 -0.4893583315647121
10 13 -0.9787166631294242
10 14 -3.708340996216961
10 15 -7.416681992433922
11 -1.2182525040725718
11 12 -0.9787166631294242
11 13 -1.9574333262588484
11 14 -7.416681992433922
11 15 -14.833363984867844
12 2.0056495268023182
12 13 9.920095052998457
12 14 0.0
12 15 0.0
13 8.971346580103866
13 14 0.0
13 15 0.0
14 0.6192769486154506
14 15 9.920095052998459
15 6.19860142373013
