16
0111001100100100
MMSE:0111001100100100
0 -10.193325321123368
0 1 7.2096518336850295
0 2 0.0
0 3 0.0
0 4 2.4277058010587624
0 5 4.855411602117525
0 6 0.16133686206033304
0 7 0.3226737241206661
0 8 0.35970207140013094
0 9 0.7194041428002619
0 10 0.22029199308788563
0 11 0.44058398617577127
0 12 0.29563757429068405
0 13 0.5912751485813681
0 14 -1.155566590838729
0 15 -2.311133181677458
1 -16.78182472540422
1 2 0.0
1 3 0.0
1 4 4.855411602117525
1 5 9.71082320423505
1 6 0.3226737241206661
1 7 0.6453474482413322
1 8 0.7194041428002619
1 9 1.4388082856005238
1 10 0.44058398617577127
1 11 0.8811679723515425
1 12 0.5912751485813681
1 13 1.1825502971627362
1 14 -2.311133181677458
1 15 -4.622266363354916
2 -13.375784285966162
2 3 7.2096518336850295
2 4 -0.16133686206033276
2 5 -0.32267372412066553
2 6 2.4277058010587624
2 7 4.855411602117525
2 8 -0.2202919930878856
2 9 -0.4405839861757712
2 10 0.35970207140013094
2 11 0.7194041428002619
2 12 1.155566590838729
2 13 2.311133181677458
2 14 0.2956375742906839
2 15 0.5912751485813678
3 -23.14674265508981
3 4 -0.32267372412066553
3 5 -0.6453474482413311
3 6 4.855411602117525
3 7 9.71082320423505
3 8 -0.4405839861757712
3 9 -0.8811679723515424
3 10 0.7194041428002619
3 11 1.4388082856005238
3 12 2.311133181677458
3 13 4.622266363354916
3 14 0.5912751485813678
3 15 1.1825502971627355
4 -7.990047082453052
4 5 3.8115583896532534
4 6 0.0
4 7 0.0
4 8 0.3124556118160344
4 9 0.6249112236320687
4 10 0.14163935133053826
4 11 0.2832787026610765
4 12 -0.1577739953932972
4 13 -0.3155479907865944
4 14 -0.3906752061177495
4 15 -0.781350412235499
5 -14.074314970079477
5 6 0.0
5 7 0.0
5 8 0.6249112236320687
5 9 1.2498224472641375
5 10 0.2832787026610765
5 11 0.566557405322153
5 12 -0.3155479907865944
5 13 -0.6310959815731888
5 14 -0.781350412235499
5 15 -1.562700824470998
6 -10.146611497584313
6 7 3.8115583896532534
6 8 -0.1416393513305382
6 9 -0.2832787026610764
6 10 0.3124556118160344
6 11 0.6249112236320687
6 12 0.3906752061177494
6 13 0.7813504122354988
6 14 -0.15777399539329723
6 15 -0.31554799078659446
7 -18.387443800341998
7 8 -0.2832787026610764
7 9 -0.5665574053221528
7 10 0.6249112236320687
7 11 1.2498224472641375
7 12 0.7813504122354988
7 13 1.5627008244709977
7 14 -0.31554799078659446
7 15 -0.6310959815731889
8 -10.29312884445644
8 9 5.9460180556308195
8 10 0.0
8 11 0.0
8 12 -0.717299398745417
8 13 -1.434598797490834
8 14 1.2180343059619054
8 15 2.436068611923811
9 -17.61324866109747
9 10 0.0
9 11 0.0
9 12 -1.434598797490834
9 13 -2.869197594981668
9 14 2.436068611923811
9 15 4.872137223847622
10 -8.31520320173389
10 11 5.9460180556308195
10 12 -1.2180343059619057
10 13 -2.4360686119238113
10 14 -0.717299398745417
10 15 -1.434598797490834
11 -13.65739737565237
11 12 -2.4360686119238113
11 13 -4.872137223847623
11 14 -1.434598797490834
11 15 -2.869197594981668
12 3.0720541623009163
12 13 4.1503244106986035
12 14 0.0
12 15 0.0
13 8.219270529951135
13 14 0.0
13 15 0.0
14 -1.617756801206894
14 15 4.1503244106986035
15 -1.1603513970644856
