16
0110101001010110
MMSE:0110101001010110
0 -20.285084663499433
0 1 7.556192947428803
0 2 0.0
0 3 0.0
0 4 3.755344546292588
0 5 7.510689092585176
0 6 0.1669373797432414
0 7 0.3338747594864828
0 8 -0.7148161194918748
0 9 -1.4296322389837497
0 10 -1.9107193251221417
0 11 -3.8214386502442834
0 12 1.2593264255822776
0 13 2.518652851164555
0 14 0.16123622735148846
0 15 0.3224724547029769
1 -36.79207285328446
1 2 0.0
1 3 0.0
1 4 7.510689092585176
1 5 15.021378185170352
1 6 0.3338747594864828
1 7 0.6677495189729656
1 8 -1.4296322389837497
1 9 -2.8592644779674994
1 10 -3.8214386502442834
1 11 -7.642877300488567
1 12 2.518652851164555
1 13 5.03730570232911
1 14 0.3224724547029769
1 15 0.6449449094059538
2 -7.685279764032439
2 3 7.556192947428803
2 4 -0.16693737974324124
2 5 -0.3338747594864825
2 6 3.755344546292588
2 7 7.510689092585176
2 8 1.9107193251221417
2 9 3.8214386502442834
2 10 -0.7148161194918747
2 11 -1.4296322389837495
2 12 -0.16123622735148846
2 13 -0.3224724547029769
2 14 1.2593264255822776
2 15 2.518652851164555
3 -11.592463054350477
3 4 -0.3338747594864825
3 5 -0.667749518972965
3 6 7.510689092585176
3 7 15.021378185170352
3 8 3.8214386502442834
3 9 7.642877300488567
3 10 -1.4296322389837495
3 11 -2.859264477967499
3 12 -0.3224724547029769
3 13 -0.6449449094059538
3 14 2.518652851164555
3 15 5.03730570232911
4 -22.204168528743846
4 5 9.988210776212458
4 6 0.0
4 7 0.0
4 8 -1.752080512298467
4 9 -3.504161024596934
4 10 -2.4162967294879847
4 11 -4.832593458975969
4 12 2.20144474686193
4 13 4.40288949372386
4 14 -0.6210233512201231
4 15 -1.2420467024402462
5 -39.41423166938146
5 6 0.0
5 7 0.0
5 8 -3.504161024596934
5 9 -7.008322049193868
5 10 -4.832593458975969
5 11 -9.665186917951939
5 12 4.40288949372386
5 13 8.80577898744772
5 14 -1.2420467024402462
5 15 -2.4840934048804924
6 -10.686283485486978
6 7 9.988210776212458
6 8 2.4162967294879847
6 9 4.832593458975969
6 10 -1.7520805122984668
6 11 -3.5041610245969337
6 12 0.6210233512201233
6 13 1.2420467024402466
6 14 2.2014447468619305
6 15 4.402889493723861
7 -16.37846158286773
7 8 4.832593458975969
7 9 9.665186917951939
7 10 -3.5041610245969337
7 11 -7.008322049193867
7 12 1.2420467024402466
7 13 2.4840934048804932
7 14 4.402889493723861
7 15 8.805778987447722
8 -1.0944413322326565
8 9 6.034436148309178
8 10 0.0
8 11 0.0
8 12 0.058425946385207844
8 13 0.11685189277041569
8 14 1.5034704184778616
8 15 3.006940836955723
9 0.8283354096892763
9 10 0.0
9 11 0.0
9 12 0.11685189277041569
9 13 0.23370378554083138
9 14 3.006940836955723
9 15 6.013881673911446
10 14.278138218879583
10 11 6.034436148309178
10 12 -1.5034704184778616
10 13 -3.006940836955723
10 14 0.058425946385207816
10 15 0.11685189277041563
11 31.573494511913758
11 12 -3.006940836955723
11 13 -6.013881673911446
11 14 0.11685189277041563
11 15 0.23370378554083127
12 -14.890431640315363
12 13 6.24886739522246
12 14 0.0
12 15 0.0
13 -26.6564295830195
13 14 0.0
13 15 0.0
14 -7.428921386559847
14 15 6.24886739522246
15 -11.733409075508465
