16
1111011000111110
MMSE:1111011000111110
0 -4.533226428454004
0 1 7.695173598323698
0 2 0.0
0 3 0.0
0 4 -1.7627010735850464
0 5 -3.5254021471700927
0 6 1.746747263857178
0 7 3.493494527714356
0 8 1.5459783411782604
0 9 3.0919566823565208
0 10 -1.8684618389070082
0 11 -3.7369236778140165
0 12 1.0731929910405977
0 13 2.1463859820811955
0 14 -0.11081418356397843
0 15 -0.22162836712795686
1 -5.218866057746158
1 2 0.0
1 3 0.0
1 4 -3.5254021471700927
1 5 -7.050804294340185
1 6 3.493494527714356
1 7 6.986989055428712
1 8 3.0919566823565208
1 9 6.1839133647130415
1 10 -3.7369236778140165
1 11 -7.473847355628033
1 12 2.1463859820811955
1 13 4.292771964162391
1 14 -0.22162836712795686
1 15 -0.4432567342559137
2 -2.9823018340175946
2 3 7.695173598323699
2 4 -1.7467472638571782
2 5 -3.4934945277143563
2 6 -1.7627010735850464
2 7 -3.5254021471700927
2 8 1.8684618389070085
2 9 3.736923677814017
2 10 1.5459783411782604
2 11 3.0919566823565208
2 12 0.11081418356397865
2 13 0.2216283671279573
2 14 1.0731929910405977
2 15 2.1463859820811955
3 -2.117016868873341
3 4 -3.4934945277143563
3 5 -6.986989055428713
3 6 -3.5254021471700927
3 7 -7.050804294340185
3 8 3.736923677814017
3 9 7.473847355628034
3 10 3.0919566823565208
3 11 6.1839133647130415
3 12 0.2216283671279573
3 13 0.4432567342559146
3 14 2.1463859820811955
3 15 4.292771964162391
4 -13.551465131116359
4 5 12.982908355727842
4 6 0.0
4 7 0.0
4 8 -1.9003566414691089
4 9 -3.8007132829382178
4 10 1.6473270698502582
4 11 3.2946541397005165
4 12 0.889116040103598
4 13 1.778232080207196
4 14 -1.1940776213641997
4 15 -2.3881552427283994
5 -20.6114760843688
5 6 0.0
5 7 0.0
5 8 -3.8007132829382178
5 9 -7.6014265658764355
5 10 3.2946541397005165
5 11 6.589308279401033
5 12 1.778232080207196
5 13 3.556464160414392
5 14 -2.3881552427283994
5 15 -4.776310485456799
6 -6.910979597926089
6 7 12.98290835572784
6 8 -1.6473270698502585
6 9 -3.294654139700517
6 10 -1.9003566414691093
6 11 -3.8007132829382186
6 12 1.1940776213641997
6 13 2.3881552427283994
6 14 0.889116040103598
6 15 1.778232080207196
7 -7.3305050179882585
7 8 -3.294654139700517
7 9 -6.589308279401034
7 10 -3.8007132829382186
7 11 -7.601426565876437
7 12 2.3881552427283994
7 13 4.776310485456799
7 14 1.778232080207196
7 15 3.556464160414392
8 -4.336521035738568
8 9 10.859970896550657
8 10 0.0
8 11 0.0
8 12 0.510557609270939
8 13 1.021115218541878
8 14 -1.321388447093437
8 15 -2.642776894186874
9 -3.2430566232018094
9 10 0.0
9 11 0.0
9 12 1.021115218541878
9 13 2.042230437083756
9 14 -2.642776894186874
9 15 -5.285553788373748
10 -17.01049173313652
10 11 10.859970896550657
10 12 1.321388447093437
10 13 2.642776894186874
10 14 0.5105576092709391
10 15 1.0211152185418781
11 -28.59099801799771
11 12 2.642776894186874
11 13 5.285553788373748
11 14 1.0211152185418781
11 15 2.0422304370837563
12 -16.697608406777206
12 13 3.5394454415951566
12 14 0.0
12 15 0.0
13 -31.62549409275684
13 14 0.0
13 15 0.0
14 1.1635018122071963
14 15 3.5394454415951566
15 4.096726345211971
