16
1101011010001000
MMSE:1101011010001000
0 0.23795904728495665
0 1 4.046462169686686
0 2 0.0
0 3 0.0
0 4 0.435943166444868
0 5 0.871886332889736
0 6 -1.2862908752251543
0 7 -2.5725817504503086
0 8 0.10814951601242989
0 9 0.21629903202485978
0 10 -0.04424719243396924
0 11 -0.08849438486793848
0 12 -0.06259412546946466
0 13 -0.12518825093892932
0 14 0.8833999446733144
0 15 1.7667998893466288
1 2.4991491794132563
1 2 0.0
1 3 0.0
1 4 0.871886332889736
1 5 1.743772665779472
1 6 -2.5725817504503086
1 7 -5.145163500900617
1 8 0.21629903202485978
1 9 0.43259806404971957
1 10 -0.08849438486793848
1 11 -0.17698876973587696
1 12 -0.12518825093892932
1 13 -0.25037650187785865
1 14 1.7667998893466288
1 15 3.5335997786932576
2 -5.7462484829326215
2 3 4.046462169686686
2 4 1.2862908752251543
2 5 2.5725817504503086
2 6 0.43594316644486797
2 7 0.8718863328897359
2 8 0.04424719243396921
2 9 0.08849438486793842
2 10 0.10814951601242997
2 11 0.21629903202485995
2 12 -0.8833999446733144
2 13 -1.7667998893466288
2 14 -0.06259412546946469
2 15 -0.12518825093892938
3 -9.469265881021899
3 4 2.5725817504503086
3 5 5.145163500900617
3 6 0.8718863328897359
3 7 1.7437726657794719
3 8 0.08849438486793842
3 9 0.17698876973587685
3 10 0.21629903202485995
3 11 0.4325980640497199
3 12 -1.7667998893466288
3 13 -3.5335997786932576
3 14 -0.12518825093892938
3 15 -0.25037650187785876
4 -11.084416828058417
4 5 7.5012031082893555
4 6 0.0
4 7 0.0
4 8 0.2382865254366619
4 9 0.4765730508733238
4 10 1.6387619857068259
4 11 3.2775239714136517
4 12 -2.162295394408012
4 13 -4.324590788816024
4 14 -0.7367788008899145
4 15 -1.473557601779829
5 -18.41823210197216
5 6 0.0
5 7 0.0
5 8 0.4765730508733238
5 9 0.9531461017466476
5 10 3.2775239714136517
5 11 6.555047942827303
5 12 -4.324590788816024
5 13 -8.649181577632048
5 14 -1.473557601779829
5 15 -2.947115203559658
6 -4.783699624736789
6 7 7.501203108289355
6 8 -1.6387619857068259
6 9 -3.2775239714136517
6 10 0.23828652543666176
6 11 0.4765730508733235
6 12 0.7367788008899143
6 13 1.4735576017798286
6 14 -2.162295394408012
6 15 -4.324590788816024
7 -5.8167976953289
7 8 -3.2775239714136517
7 9 -6.555047942827303
7 10 0.4765730508733235
7 11 0.953146101746647
7 12 1.4735576017798286
7 13 2.9471152035596573
7 14 -4.324590788816024
7 15 -8.649181577632048
8 3.442775761023584
8 9 4.195821195692136
8 10 0.0
8 11 0.0
8 12 0.1523468477063627
8 13 0.3046936954127254
8 14 1.4654572510881032
8 15 2.9309145021762064
9 8.983462119893236
9 10 0.0
9 11 0.0
9 12 0.3046936954127254
9 13 0.6093873908254508
9 14 2.9309145021762064
9 15 5.861829004352413
10 -4.393611834024285
10 11 4.195821195692136
10 12 -1.4654572510881032
10 13 -2.9309145021762064
10 14 0.15234684770636273
10 15 0.30469369541272545
11 -6.689313070202503
11 12 -2.9309145021762064
11 13 -5.861829004352413
11 14 0.30469369541272545
11 15 0.6093873908254509
12 7.117991968180167
12 13 4.772769961557197
12 14 0.0
12 15 0.0
13 16.62236891713893
13 14 0.0
13 15 0.0
14 6.889410917285115
14 15 4.772769961557197
15 16.165206815348828
