16
1111111001001110
MMSE:1111111001001110
0 4.935605905880679
0 1 10.164760877910823
0 2 0.0
0 3 0.0
0 4 -2.452089082189302
0 5 -4.904178164378604
0 6 -0.6255592148454217
0 7 -1.2511184296908433
0 8 -0.32045488173166864
0 9 -0.6409097634633373
0 10 -1.2298186719191548
0 11 -2.4596373438383097
0 12 -0.7577638420325993
0 13 -1.5155276840651986
0 14 0.18711105624535218
0 15 0.37422211249070436
1 14.953592250716769
1 2 0.0
1 3 0.0
1 4 -4.904178164378604
1 5 -9.808356328757208
1 6 -1.2511184296908433
1 7 -2.5022368593816866
1 8 -0.6409097634633373
1 9 -1.2818195269266746
1 10 -2.4596373438383097
1 11 -4.919274687676619
1 12 -1.5155276840651986
1 13 -3.031055368130397
1 14 0.37422211249070436
1 15 0.7484442249814087
2 0.004639331366528943
2 3 10.164760877910823
2 4 0.6255592148454214
2 5 1.2511184296908429
2 6 -2.452089082189302
2 7 -4.904178164378604
2 8 1.2298186719191548
2 9 2.4596373438383097
2 10 -0.3204548817316686
2 11 -0.6409097634633372
2 12 -0.1871110562453523
2 13 -0.3742221124907046
2 14 -0.7577638420325994
2 15 -1.5155276840651988
3 5.091659101688469
3 4 1.2511184296908429
3 5 2.5022368593816857
3 6 -4.904178164378604
3 7 -9.808356328757208
3 8 2.4596373438383097
3 9 4.919274687676619
3 10 -0.6409097634633372
3 11 -1.2818195269266743
3 12 -0.3742221124907046
3 13 -0.7484442249814092
3 14 -1.5155276840651988
3 15 -3.0310553681303976
4 -8.915337860103115
4 5 7.879092020670329
4 6 0.0
4 7 0.0
4 8 -0.3512855656690852
4 9 -0.7025711313381704
4 10 2.0417932209349208
4 11 4.0835864418698415
4 12 0.6822962357339206
4 13 1.3645924714678412
4 14 -2.829554218755234
4 15 -5.659108437510468
5 -13.891129709871066
5 6 0.0
5 7 0.0
5 8 -0.7025711313381704
5 9 -1.4051422626763408
5 10 4.0835864418698415
5 11 8.167172883739683
5 12 1.3645924714678412
5 13 2.7291849429356825
5 14 -5.659108437510468
5 15 -11.318216875020935
6 -6.777931494750028
6 7 7.879092020670329
6 8 -2.0417932209349208
6 9 -4.0835864418698415
6 10 -0.35128556566908514
6 11 -0.7025711313381703
6 12 2.829554218755234
6 13 5.659108437510468
6 14 0.6822962357339206
6 15 1.3645924714678412
7 -9.616316979164893
7 8 -4.0835864418698415
7 9 -8.167172883739683
7 10 -0.7025711313381703
7 11 -1.4051422626763406
7 12 5.659108437510468
7 13 11.318216875020935
7 14 1.3645924714678412
7 15 2.7291849429356825
8 5.500300921678704
8 9 4.6504015281115345
8 10 0.0
8 11 0.0
8 12 -0.7238170708254271
8 13 -1.4476341416508542
8 14 0.3921074339309781
8 15 0.7842148678619562
9 13.325802607413175
9 10 0.0
9 11 0.0
9 12 -1.4476341416508542
9 13 -2.8952682833017085
9 14 0.7842148678619562
9 15 1.5684297357239123
10 -4.599712675093876
10 11 4.650401528111535
10 12 -0.3921074339309782
10 13 -0.7842148678619564
10 14 -0.723817070825427
10 15 -1.447634141650854
11 -6.874224586131984
11 12 -0.7842148678619564
11 13 -1.5684297357239128
11 14 -1.447634141650854
11 15 -2.895268283301708
12 -12.047628948186418
12 13 7.713232304740185
12 14 0.0
12 15 0.0
13 -20.23864174400274
13 14 0.0
13 15 0.0
14 7.7340277117060365
14 15 7.713232304740185
15 19.324671575782165
