16
1100111011000101
MMSE:1100111011000101
0 2.877966795336119
0 1 2.93769374510296
0 2 0.0
0 3 0.0
0 4 0.7860303347297878
0 5 1.5720606694595756
0 6 -0.6211773280726084
0 7 -1.2423546561452168
0 8 0.45790562096045895
0 9 0.9158112419209179
0 10 -0.8772965385910811
0 11 -1.7545930771821623
0 12 -1.1839229205649173
0 13 -2.3678458411298346
0 14 -0.903697402406471
0 15 -1.807394804812942
1 7.224780463223718
1 2 0.0
1 3 0.0
1 4 1.5720606694595756
1 5 3.144121338919151
1 6 -1.2423546561452168
1 7 -2.4847093122904336
1 8 0.9158112419209179
1 9 1.8316224838418358
1 10 -1.7545930771821623
1 11 -3.5091861543643246
1 12 -2.3678458411298346
1 13 -4.735691682259669
1 14 -1.807394804812942
1 15 -3.614789609625884
2 -2.361462336049273
2 3 2.93769374510296
2 4 0.6211773280726085
2 5 1.242354656145217
2 6 0.7860303347297878
2 7 1.5720606694595756
2 8 0.8772965385910814
2 9 1.7545930771821627
2 10 0.45790562096045895
2 11 0.9158112419209179
2 12 0.9036974024064708
2 13 1.8073948048129416
2 14 -1.1839229205649173
2 15 -2.3678458411298346
3 -3.254077799547066
3 4 1.242354656145217
3 5 2.484709312290434
3 6 1.5720606694595756
3 7 3.144121338919151
3 8 1.7545930771821627
3 9 3.5091861543643255
3 10 0.9158112419209179
3 11 1.8316224838418358
3 12 1.8073948048129416
3 13 3.614789609625883
3 14 -2.3678458411298346
3 15 -4.735691682259669
4 -8.603493552223892
4 5 7.445793563606973
4 6 0.0
4 7 0.0
4 8 1.1518433827725243
4 9 2.3036867655450486
4 10 0.4292038631097307
4 11 0.8584077262194614
4 12 -1.690860711549573
4 13 -3.381721423099146
4 14 -0.020636052902222646
4 15 -0.04127210580444529
5 -13.484090322644295
5 6 0.0
5 7 0.0
5 8 2.3036867655450486
5 9 4.607373531090097
5 10 0.8584077262194614
5 11 1.7168154524389228
5 12 -3.381721423099146
5 13 -6.763442846198292
5 14 -0.04127210580444529
5 15 -0.08254421160889058
6 -0.42755891747560315
6 7 7.445793563606973
6 8 -0.4292038631097306
6 9 -0.8584077262194612
6 10 1.1518433827725243
6 11 2.3036867655450486
6 12 0.020636052902222396
6 13 0.04127210580444479
6 14 -1.690860711549573
6 15 -3.381721423099146
7 2.8677789468522796
7 8 -0.8584077262194612
7 9 -1.7168154524389223
7 10 2.3036867655450486
7 11 4.607373531090097
7 12 0.04127210580444479
7 13 0.08254421160888958
7 14 -3.381721423099146
7 15 -6.763442846198292
8 -2.752760997560355
8 9 2.946380367890144
8 10 0.0
8 11 0.0
8 12 0.6697557278514921
8 13 1.3395114557029841
8 14 -0.5306299740889507
8 15 -1.0612599481779015
9 -4.032331811175638
9 10 0.0
9 11 0.0
9 12 1.3395114557029841
9 13 2.6790229114059683
9 14 -1.0612599481779015
9 15 -2.122519896355803
10 -5.505875587522442
10 11 2.946380367890144
10 12 0.5306299740889507
10 13 1.0612599481779015
10 14 0.6697557278514922
10 15 1.3395114557029844
11 -9.53856099109981
11 12 1.0612599481779015
11 13 2.122519896355803
11 14 1.3395114557029844
11 15 2.6790229114059687
12 2.0650835951872395
12 13 6.233094764758196
12 14 0.0
12 15 0.0
13 7.246714572753577
13 14 0.0
13 15 0.0
14 -2.4368206785085365
14 15 6.233094764758196
15 -1.757093974637975
