8
11110110
MMSE:11110110
0 1.0255999717424302
0 1 0.0
0 2 -8.813505367925234
0 3 8.73373631928589
0 4 7.729891705891304
0 5 -9.342309194535044
0 6 5.365964955202988
0 7 -0.5540709178198919
1 1.0349947094235574
1 2 -8.733736319285892
1 3 -8.813505367925234
1 4 9.342309194535044
1 5 7.729891705891304
1 6 0.5540709178198924
1 7 5.365964955202987
2 -6.039992033943232
2 3 0.0
2 4 -9.501783207345547
2 5 8.23663534925129
2 6 4.4455802005179885
2 7 -5.970388106820999
3 25.41675321467334
3 4 -8.23663534925129
3 5 -9.501783207345545
3 6 5.970388106821
3 7 4.4455802005179885
4 -11.89621847945735
4 5 0.0
4 6 2.5527880463546944
4 7 -6.6069422354671845
5 -12.528237609254365
5 6 6.6069422354671845
5 7 2.552788046354695
6 -14.408168829489448
6 7 0.0
7 14.917573170616269
