8
01100101
MMSE:01100101
0 -19.287680657291205
0 1 0.0
0 2 -2.2991983880922207
0 3 7.613839460234718
0 4 5.9020212654506565
0 5 4.804462575905562
0 6 -5.615088350066892
0 7 8.712094885210664
1 7.861351786349104
1 2 -7.613839460234718
1 3 -2.2991983880922215
1 4 -4.804462575905562
1 5 5.9020212654506565
1 6 -8.712094885210664
1 7 -5.615088350066893
2 31.36912997017233
2 3 0.0
2 4 -4.547482363194236
2 5 -6.9289830535651085
2 6 8.429016047324415
2 7 -7.17054987575667
3 -12.295822604745995
3 4 6.9289830535651085
3 5 -4.547482363194236
3 6 7.17054987575667
3 7 8.429016047324415
4 -39.390795393613445
4 5 0.0
4 6 5.17891668039628
4 7 18.098206218939563
5 -12.53973113279099
5 6 -18.098206218939563
5 7 5.178916680396279
6 13.995516082256817
6 7 0.0
7 -39.25283020812424
