8
10010011
MMSE:10010011
0 10.745717921192375
0 1 0.0
0 2 5.2549036698055005
0 3 -1.8325990760589996
0 4 11.55366359311748
0 5 -7.098711878412111
0 6 6.414690528860146
0 7 2.5254951471344174
1 -2.537564019091235
1 2 1.8325990760590005
1 3 5.254903669805501
1 4 7.098711878412114
1 5 11.553663593117482
1 6 -2.525495147134416
1 7 6.414690528860145
2 1.3409280013152873
2 3 0.0
2 4 -1.6875072395536073
2 5 -6.641965370564732
2 6 -5.454380243526141
2 7 6.8380409682439485
3 -1.5471343882314272
3 4 6.641965370564733
3 5 -1.6875072395536064
3 6 -6.838040968243949
3 7 -5.454380243526142
4 1.5643793051583366
4 5 0.0
4 6 1.4845907620009131
4 7 -6.773953385767227
5 -6.45136865421577
5 6 6.7739533857672285
5 7 1.4845907620009127
6 -1.2824552278744665
6 7 0.0
7 3.6597450293449736
