8
11010110
MMSE:11010110
0 -1.2112010483999365
0 1 0.0
0 2 2.1797158322243404
0 3 -6.431454376125771
0 4 0.5407475800621502
0 5 -0.22123596216984676
0 6 -0.3129706273473234
0 7 4.4169997233665725
1 -4.336861039885126
1 2 6.431454376125773
1 3 2.17971583222434
1 4 0.22123596216984676
1 5 0.5407475800621501
1 6 -4.4169997233665725
1 7 -0.3129706273473237
2 -20.8609288155552
2 3 0.0
2 4 1.1914326271833104
2 5 8.19380992853413
2 6 -10.811476972040058
2 7 -3.683894004449573
3 4.011525078243954
3 4 -8.19380992853413
3 5 1.19143262718331
3 6 3.683894004449572
3 7 -10.811476972040058
4 1.12436368614423
4 5 0.0
4 6 0.7617342385318138
4 7 7.327286255440517
5 -14.328963243515108
5 6 -7.327286255440517
5 7 0.7617342385318137
6 19.777929990770154
6 7 0.0
7 7.854637550764925
