8
11101010
MMSE:11101010
0 -9.104565094302233
0 1 0.0
0 2 -4.194238597353973
0 3 0.42176940949353803
0 4 1.5067780013487468
0 5 1.2441565059037634
0 6 -1.3528612950361782
0 7 -0.9170967930271101
1 8.6824349345605
1 2 -0.42176940949353803
1 3 -4.194238597353973
1 4 -1.2441565059037627
1 5 1.5067780013487468
1 6 0.9170967930271097
1 7 -1.352861295036178
2 9.573938200092439
2 3 0.0
2 4 -2.029688353923095
2 5 -1.267298483712584
2 6 6.445454107201652
2 7 -3.6591207113076
3 5.026304145304314
3 4 1.2672984837125836
3 5 -2.0296883539230937
3 6 3.6591207113076005
3 7 6.445454107201652
4 5.848033364771089
4 5 0.0
4 6 -5.10848719132053
4 7 -5.342444125417796
5 5.925626259161882
5 6 5.342444125417794
5 7 -5.108487191320529
6 6.612057098885909
6 7 0.0
7 6.424961063724478
