8
10011000
MMSE:10011000
0 4.17410484660991
0 1 0.0
0 2 11.47244617096871
0 3 -2.0095970886004393
0 4 -3.713459450207232
0 5 2.9505684450529737
0 6 8.256019471471404
0 7 -5.10049052015667
1 -13.24150183905317
1 2 2.00959708860044
1 3 11.47244617096871
1 4 -2.9505684450529737
1 5 -3.7134594502072322
1 6 5.100490520156671
1 7 8.256019471471404
2 -9.65677444537603
2 3 0.0
2 4 -8.265522748398308
2 5 2.3263895794216394
2 6 8.893361898526503
2 7 -1.4975143659698738
3 -20.1239028703137
3 4 -2.3263895794216403
3 5 -8.265522748398308
3 6 1.497514365969875
3 7 8.893361898526503
4 14.306202406935826
4 5 0.0
4 6 -2.9965878585344963
4 7 -0.336376783869774
5 12.291421506138681
5 6 0.33637678386977354
5 7 -2.9965878585344963
6 -6.8941658367060885
6 7 0.0
7 -11.054501201652936
