8
10000100
MMSE:10000100
0 19.107267000871538
0 1 0.0
0 2 7.406144742938121
0 3 3.3375478586208045
0 4 -7.4503807481728845
0 5 -6.389094882665923
0 6 4.337376101333088
0 7 -0.5234981257529718
1 -2.288450422231179
1 2 -3.337547858620803
1 3 7.406144742938121
1 4 6.389094882665922
1 5 -7.4503807481728845
1 6 0.5234981257529727
1 7 4.337376101333088
2 4.1484433062512815
2 3 0.0
2 4 -1.4570688801367662
2 5 3.52854266439992
2 6 3.1085637230495555
2 7 -0.41516677606931074
3 -4.2038382563043974
3 4 -3.5285426643999194
3 5 -1.4570688801367662
3 6 0.4151667760693112
3 7 3.1085637230495555
4 -3.7624256692274303
4 5 0.0
4 6 -5.661997951030566
4 7 1.0642153364656257
5 0.8721248188138091
5 6 -1.0642153364656262
5 7 -5.661997951030566
6 16.628862995907788
6 7 0.0
7 -9.087658245997961
