8
11110000
MMSE:11110000
0 -15.180493899612248
0 1 0.0
0 2 7.8033302383219825
0 3 8.98452615024275
0 4 -3.7281869173809326
0 5 8.040599414447325
0 6 -0.2599548053230043
0 7 -8.304382208144611
1 20.814100411739492
1 2 -8.984526150242749
1 3 7.8033302383219825
1 4 -8.040599414447325
1 5 -3.7281869173809326
1 6 8.304382208144611
1 7 -0.25995480532300386
2 -20.16080137794064
2 3 0.0
2 4 -1.87157021178937
2 5 3.63159716294214
2 6 2.510084341078565
2 7 -8.338611279876062
3 7.289924333136012
3 4 -3.6315971629421395
3 5 -1.8715702117893698
3 6 8.338611279876062
3 7 2.510084341078564
4 3.97053226510841
4 5 0.0
4 6 -4.353231282384024
4 7 5.522728978557013
5 -11.248756748319503
5 6 -5.522728978557014
5 7 -4.353231282384023
6 8.625396763614877
6 7 0.0
7 15.984207823261059
